-1.000000000000000000e+01 2.335603161063609079e+01 1.924273615308397939e-02
-7.894736842105263719e+00 2.322913611331238926e+01 1.835565513297478246e-02
-5.789473684210526550e+00 2.296230527199576343e+01 1.682886173075379826e-02
-3.684210526315789380e+00 2.293288164549397123e+01 1.668476444655635216e-02
-1.578947368421053099e+00 2.287794500969978273e+01 1.642713128698562036e-02
5.263157894736831821e-01 2.290212850627582597e+01 1.653874983290749834e-02
2.631578947368421240e+00 2.305458645379099991e+01 1.731017754145396104e-02
4.736842105263157521e+00 2.304594509768967470e+01 1.726314081656777147e-02
6.842105263157893802e+00 2.294076385587349520e+01 1.672293917832080173e-02
8.947368421052630083e+00 2.328047125475846002e+01 1.870062393788934560e-02
1.105263157894736636e+01 2.328598837271096400e+01 1.873879535939455138e-02
1.315789473684210265e+01 2.345740306100046979e+01 2.003954966931431256e-02
1.526315789473684248e+01 2.375586918116434276e+01 2.293183946441434973e-02
1.736842105263157876e+01 2.383183259178243318e+01 2.382118174730715743e-02
1.947368421052631504e+01 2.395771677978800795e+01 2.545708576347332358e-02
2.157894736842105132e+01 2.412102539530779666e+01 2.792119931476454847e-02
2.368421052631578760e+01 2.411860250595329447e+01 2.788153093241724570e-02
2.578947368421052744e+01 2.441930640421019660e+01 3.364484738313942846e-02
2.789473684210526017e+01 2.467559378907283119e+01 4.018094098326824293e-02
3.000000000000000000e+01 2.451992395822103887e+01 3.600747445007788927e-02
