-1.000000000000000000e+01 2.457730021500621831e+01 3.746846258453601086e-02
-7.894736842105263719e+00 2.421735193632932948e+01 2.958121826922016293e-02
-5.789473684210526550e+00 2.433318133288778640e+01 3.180810870108029265e-02
-3.684210526315789380e+00 2.444736422079533966e+01 3.427926226936273135e-02
-1.578947368421053099e+00 2.430416776223979269e+01 3.122513328990114689e-02
5.263157894736831821e-01 2.430275502955668543e+01 3.119718918151654502e-02
2.631578947368421240e+00 2.420644742541501060e+01 2.938492918781214144e-02
4.736842105263157521e+00 2.438841477189725993e+01 3.296723131639393151e-02
6.842105263157893802e+00 2.462583521386232732e+01 3.877352437012593356e-02
8.947368421052630083e+00 2.458787156378387095e+01 3.774718733204844578e-02
1.105263157894736636e+01 2.469825469824105468e+01 4.084619253977402054e-02
1.315789473684210265e+01 2.465221374899228124e+01 3.951065418507849342e-02
1.526315789473684248e+01 2.472829347664542254e+01 4.175230236449491150e-02
1.736842105263157876e+01 2.517543084288701039e+01 5.914782288724901305e-02
1.947368421052631504e+01 2.495944380486231395e+01 4.974690122686811766e-02
2.157894736842105132e+01 2.513649810778462879e+01 5.729523927977184239e-02
2.368421052631578760e+01 2.547752722857587315e+01 7.634969140087441430e-02
2.578947368421052744e+01 2.538752548576629309e+01 7.065451747433135199e-02
2.789473684210526017e+01 2.537453221266412839e+01 6.987505542884801801e-02
3.000000000000000000e+01 2.573597198067956882e+01 9.596767248751846002e-02
