-1.000000000000000000e+01 2.453469525496689840e+01 3.637539035277242983e-02
-7.894736842105263719e+00 2.446068895533014853e+01 3.458702684675647732e-02
-5.789473684210526550e+00 2.439356021327220603e+01 3.307860725208157382e-02
-3.684210526315789380e+00 2.449714690110980797e+01 3.545100889045502829e-02
-1.578947368421053099e+00 2.440954186640886903e+01 3.342832558431214907e-02
5.263157894736831821e-01 2.442901198211311709e+01 3.386222980482855166e-02
2.631578947368421240e+00 2.446883541834390030e+01 3.477727810320205282e-02
4.736842105263157521e+00 2.445387432682345619e+01 3.442910025575955657e-02
6.842105263157893802e+00 2.423624600470592938e+01 2.992658646193434649e-02
8.947368421052630083e+00 2.446192483028431397e+01 3.461578670017846637e-02
1.105263157894736636e+01 2.457559483968985603e+01 3.742378206690026576e-02
1.315789473684210265e+01 2.475482396144299102e+01 4.257622730885959189e-02
1.526315789473684248e+01 2.504198572056744965e+01 5.309515144197569925e-02
1.736842105263157876e+01 2.505794103907150827e+01 5.377583450653815322e-02
1.947368421052631504e+01 2.492202279577469071e+01 4.832019737503991108e-02
2.157894736842105132e+01 2.524885652006969750e+01 6.285041769797199140e-02
2.368421052631578760e+01 2.536026561746457730e+01 6.903113271469500656e-02
2.578947368421052744e+01 2.530559332573522369e+01 6.590944279426158570e-02
2.789473684210526017e+01 2.546437240388844003e+01 7.548398538740197505e-02
3.000000000000000000e+01 2.579206252863911075e+01 1.009597295822199092e-01
