-1.000000000000000000e+01 2.426879166736612703e+01 3.053747825316098161e-02
-7.894736842105263719e+00 2.424440010680272195e+01 3.007772486557909117e-02
-5.789473684210526550e+00 2.411052609830090532e+01 2.775001364083033370e-02
-3.684210526315789380e+00 2.428873306738898208e+01 3.092202499074782340e-02
-1.578947368421053099e+00 2.420085442537017428e+01 2.928510297490179159e-02
5.263157894736831821e-01 2.420479153495384139e+01 2.935531423228220430e-02
2.631578947368421240e+00 2.419384039164552647e+01 2.916072333416555584e-02
4.736842105263157521e+00 2.422336534095363092e+01 2.969041038515136954e-02
6.842105263157893802e+00 2.446481336824251329e+01 3.468314831335912729e-02
8.947368421052630083e+00 2.447428704317401582e+01 3.490548870790940311e-02
1.105263157894736636e+01 2.467056177603003420e+01 4.003531146733421003e-02
1.315789473684210265e+01 2.458454204027776058e+01 3.765907343620839010e-02
1.526315789473684248e+01 2.473396261984274602e+01 4.192647617294922857e-02
1.736842105263157876e+01 2.512092760998563890e+01 5.657486998322004690e-02
1.947368421052631504e+01 2.535843770201711678e+01 6.892389780137254951e-02
2.157894736842105132e+01 2.537627465973085350e+01 6.997897979171395499e-02
2.368421052631578760e+01 2.533129761363271015e+01 6.735523792579993507e-02
2.578947368421052744e+01 2.552690273645212926e+01 7.970568298462060719e-02
2.789473684210526017e+01 2.578814693396610735e+01 1.006018039864209901e-01
3.000000000000000000e+01 2.576958102532708494e+01 9.892419338303388987e-02
