-1.000000000000000000e+01 2.350094217930253748e+01 2.040815267703661659e-02
-7.894736842105263719e+00 2.350582876993738068e+01 2.045056345790690136e-02
-5.789473684210526550e+00 2.329195793430021411e+01 1.878034208310182945e-02
-3.684210526315789380e+00 2.331348768767593427e+01 1.893232328609763954e-02
-1.578947368421053099e+00 2.298198359579098948e+01 1.692769807771703217e-02
5.263157894736831821e-01 2.320792696140793510e+01 1.821836887789316656e-02
2.631578947368421240e+00 2.292629524761171922e+01 1.665310227498843776e-02
4.736842105263157521e+00 2.332636136248202874e+01 1.902482281675770340e-02
6.842105263157893802e+00 2.304055662016751072e+01 1.723402133786000254e-02
8.947368421052630083e+00 2.342002011241406123e+01 1.973598532061219754e-02
1.105263157894736636e+01 2.337629775216343120e+01 1.939545386996192541e-02
1.315789473684210265e+01 2.336058865157264464e+01 1.927679904964292243e-02
1.526315789473684248e+01 2.350221487590424374e+01 2.041917788466886263e-02
1.736842105263157876e+01 2.367249130536140456e+01 2.203252287397920034e-02
1.947368421052631504e+01 2.363992077548309823e+01 2.170165852792369648e-02
2.157894736842105132e+01 2.378006887006878856e+01 2.320764407975627053e-02
2.368421052631578760e+01 2.387617053022376723e+01 2.437334036991513353e-02
2.578947368421052744e+01 2.409480547153337326e+01 2.749713191072206825e-02
2.789473684210526017e+01 2.414671503859557689e+01 2.834794280283431042e-02
3.000000000000000000e+01 2.433266620534119795e+01 3.179760555652633852e-02
