-1.000000000000000000e+01 2.410581852485658061e+01 2.767385789544194244e-02
-7.894736842105263719e+00 2.383617073261738994e+01 2.387410073696953627e-02
-5.789473684210526550e+00 2.372232317911565147e+01 2.256070426648382893e-02
-3.684210526315789380e+00 2.350399162616411530e+01 2.043459382788823109e-02
-1.578947368421053099e+00 2.358468669358300218e+01 2.116531976003257348e-02
5.263157894736831821e-01 2.338949943374023732e+01 1.949666441703419920e-02
2.631578947368421240e+00 2.366917560134308474e+01 2.199833110838906799e-02
4.736842105263157521e+00 2.330692458668308831e+01 1.888563605973904436e-02
6.842105263157893802e+00 2.347412548365868545e+01 2.017917100554895982e-02
8.947368421052630083e+00 2.355939620718013572e+01 2.092973924048856932e-02
1.105263157894736636e+01 2.371410728330504014e+01 2.247174546534632875e-02
1.315789473684210265e+01 2.403912923008337188e+01 2.663373719110311705e-02
1.526315789473684248e+01 2.404802268405810040e+01 2.676835184663323153e-02
1.736842105263157876e+01 2.408711381981767730e+01 2.737488747288342392e-02
1.947368421052631504e+01 2.438219889791859529e+01 3.283346985227700299e-02
2.157894736842105132e+01 2.431286254945431224e+01 3.139801556293350671e-02
2.368421052631578760e+01 2.461147801059707874e+01 3.838065687125265940e-02
2.578947368421052744e+01 2.471530323539717600e+01 4.135701456366479983e-02
2.789473684210526017e+01 2.484989141328389906e+01 4.572050522780787829e-02
3.000000000000000000e+01 2.480155915881294248e+01 4.408351312477098993e-02
