-1.000000000000000000e+01 2.478709241072292713e+01 4.360916289636940224e-02
-7.894736842105263719e+00 2.447540387353476632e+01 3.493184311328222102e-02
-5.789473684210526550e+00 2.432302353399255068e+01 3.160202186404510727e-02
-3.684210526315789380e+00 2.441791730325835630e+01 3.361391206944835952e-02
-1.578947368421053099e+00 2.450019290650834591e+01 3.552467201310596095e-02
5.263157894736831821e-01 2.423591459822034722e+01 2.992047054984647153e-02
2.631578947368421240e+00 2.423644720849033973e+01 2.993030057786115472e-02
4.736842105263157521e+00 2.424836947500208595e+01 3.015175859923804186e-02
6.842105263157893802e+00 2.449168948464658868e+01 3.531960574546627596e-02
8.947368421052630083e+00 2.416088413815215219e+01 2.858818752199072249e-02
1.105263157894736636e+01 2.424555664079671757e+01 3.009926445900337408e-02
1.315789473684210265e+01 2.461775330344233481e+01 3.855165844454954555e-02
1.526315789473684248e+01 2.445359105197444194e+01 3.442255941975617961e-02
1.736842105263157876e+01 2.454499555043386039e+01 3.663527639265089231e-02
1.947368421052631504e+01 2.453692985943163052e+01 3.643153762630094161e-02
2.157894736842105132e+01 2.472951042953733136e+01 4.178960531497787068e-02
2.368421052631578760e+01 2.512121186131497907e+01 5.658791765032941679e-02
2.578947368421052744e+01 2.490540349873474568e+01 4.770398963848393459e-02
2.789473684210526017e+01 2.545591418435534337e+01 7.493351982762447294e-02
3.000000000000000000e+01 2.542289967934721773e+01 7.283021075587452209e-02
