-1.000000000000000000e+01 2.516746136472013617e+01 5.876253295308936364e-02
-7.894736842105263719e+00 2.512250144454961287e+01 5.664715991452408395e-02
-5.789473684210526550e+00 2.532934297978951932e+01 6.724394593321610103e-02
-3.684210526315789380e+00 2.522360692478687128e+01 6.154547145694919119e-02
-1.578947368421053099e+00 2.504703234328000505e+01 5.330924172427417562e-02
5.263157894736831821e-01 2.543797176825910711e+01 7.378156805235298876e-02
2.631578947368421240e+00 2.515353182222005302e+01 5.809664528360435065e-02
4.736842105263157521e+00 2.530755572805006182e+01 6.601847842508087871e-02
6.842105263157893802e+00 2.550776280625311188e+01 7.838447880768446840e-02
8.947368421052630083e+00 2.560802886414138513e+01 8.560398412092881659e-02
1.105263157894736636e+01 2.547030919289348461e+01 7.587322814351352140e-02
1.315789473684210265e+01 2.562013038740876070e+01 8.652682440305042855e-02
1.526315789473684248e+01 2.564085694401103055e+01 8.813435319918309918e-02
1.736842105263157876e+01 2.598106011138059657e+01 1.200700223062233785e-01
1.947368421052631504e+01 2.598035384821307403e+01 1.199914642684521554e-01
2.157894736842105132e+01 2.629250841892991630e+01 1.609264554670148117e-01
2.368421052631578760e+01 2.623603833171235067e+01 1.525143892797490297e-01
2.578947368421052744e+01 2.649676954643286209e+01 1.957844897269083173e-01
2.789473684210526017e+01 2.664653023003298316e+01 2.264250644480676478e-01
3.000000000000000000e+01 2.649798280992147070e+01 1.960142167039758132e-01
