-1.000000000000000000e+01 2.393726816256372203e+01 2.517671815985660783e-02
-7.894736842105263719e+00 2.358448824530389487e+01 2.116344723637004002e-02
-5.789473684210526550e+00 2.393479008104796790e+01 2.514314086998069991e-02
-3.684210526315789380e+00 2.350810353489389470e+01 2.047037907536956511e-02
-1.578947368421053099e+00 2.348199447920226390e+01 2.024570840791646911e-02
5.263157894736831821e-01 2.356701031381496136e+01 2.100002023893777700e-02
2.631578947368421240e+00 2.346300328865890350e+01 2.008604044839210068e-02
4.736842105263157521e+00 2.335478617041630756e+01 1.923345453165781899e-02
6.842105263157893802e+00 2.344110514615318408e+01 1.990576642765382043e-02
8.947368421052630083e+00 2.367037124335777065e+01 2.201064719557536270e-02
1.105263157894736636e+01 2.368359467093361204e+01 2.214787520265708992e-02
1.315789473684210265e+01 2.359051007948960788e+01 2.122043891539802246e-02
1.526315789473684248e+01 2.381521675491323009e+01 2.362066521645636227e-02
1.736842105263157876e+01 2.406516007001543400e+01 2.703125181046286962e-02
1.947368421052631504e+01 2.415777835260951178e+01 2.853522691902932867e-02
2.157894736842105132e+01 2.426722630717329210e+01 3.050762499548665546e-02
2.368421052631578760e+01 2.432896760288853244e+01 3.172235661814958724e-02
2.578947368421052744e+01 2.439175464874471189e+01 3.303945758924577147e-02
2.789473684210526017e+01 2.447246209435797581e+01 3.486248964228186309e-02
3.000000000000000000e+01 2.473974086274263939e+01 4.210505116305744699e-02
