-1.000000000000000000e+01 2.436488511854495087e+01 3.246537057518057712e-02
-7.894736842105263719e+00 2.418768587652378699e+01 2.905232293957092649e-02
-5.789473684210526550e+00 2.433386276829739714e+01 3.182201132566338242e-02
-3.684210526315789380e+00 2.401602467926681683e+01 2.628972482619679890e-02
-1.578947368421053099e+00 2.406601335284027243e+01 2.704446341814065874e-02
5.263157894736831821e-01 2.381908836422782727e+01 2.366708094141272214e-02
2.631578947368421240e+00 2.403585299681620313e+01 2.658445675979644041e-02
4.736842105263157521e+00 2.400107938494491933e+01 2.607151822099691707e-02
6.842105263157893802e+00 2.402815126660071243e+01 2.646926153525738790e-02
8.947368421052630083e+00 2.406694238339486347e+01 2.705886105291809007e-02
1.105263157894736636e+01 2.392367260634048520e+01 2.499355217479359847e-02
1.315789473684210265e+01 2.416423463556487761e+01 2.864551122846759057e-02
1.526315789473684248e+01 2.425507915600241304e+01 3.027759268896104694e-02
1.736842105263157876e+01 2.418565842782180653e+01 2.901676333430133065e-02
1.947368421052631504e+01 2.414731525582772065e+01 2.835804887735654881e-02
2.157894736842105132e+01 2.438073904451772123e+01 3.280217872371674753e-02
2.368421052631578760e+01 2.456834532725451226e+01 3.723471936951104622e-02
2.578947368421052744e+01 2.482137741961009070e+01 4.474491079732335896e-02
2.789473684210526017e+01 2.477846277714623469e+01 4.332955199605462160e-02
3.000000000000000000e+01 2.490342086772045249e+01 4.763117944783322455e-02
