-1.000000000000000000e+01 2.487335642565107818e+01 4.654511491307555815e-02
-7.894736842105263719e+00 2.463720476132881032e+01 3.908878513087742090e-02
-5.789473684210526550e+00 2.480973226046209135e+01 4.435464099157110374e-02
-3.684210526315789380e+00 2.493514447262867151e+01 4.881422507108151843e-02
-1.578947368421053099e+00 2.452939329519814393e+01 3.624268762082284712e-02
5.263157894736831821e-01 2.474341841920014318e+01 4.221925953124778391e-02
2.631578947368421240e+00 2.467362988927895628e+01 4.012401473973992855e-02
4.736842105263157521e+00 2.462465030180615955e+01 3.874088036090481135e-02
6.842105263157893802e+00 2.483869536567718583e+01 4.533401836440384414e-02
8.947368421052630083e+00 2.462216427234227112e+01 3.867252021339787071e-02
1.105263157894736636e+01 2.483759188057562284e+01 4.529616677017646309e-02
1.315789473684210265e+01 2.491609937810232012e+01 4.809935947842751414e-02
1.526315789473684248e+01 2.498574394098076823e+01 5.078301978539549733e-02
1.736842105263157876e+01 2.494341640875243726e+01 4.912910886060704863e-02
1.947368421052631504e+01 2.524172392872205251e+01 6.247834751364624017e-02
2.157894736842105132e+01 2.547884906210257583e+01 7.643733001948777028e-02
2.368421052631578760e+01 2.557849544312492540e+01 8.339950757501241041e-02
2.578947368421052744e+01 2.581914117869956726e+01 1.034748887406232304e-01
2.789473684210526017e+01 2.559600029392495557e+01 8.469803148166689388e-02
3.000000000000000000e+01 2.584283483059830999e+01 1.057339020539242030e-01
