-1.000000000000000000e+01 2.424970764671766332e+01 3.017678546700547360e-02
-7.894736842105263719e+00 2.390596030701292918e+01 2.475873736653484009e-02
-5.789473684210526550e+00 2.389062509000745393e+01 2.455886616350781704e-02
-3.684210526315789380e+00 2.374310238635059989e+01 2.278908142089525884e-02
-1.578947368421053099e+00 2.373254913308724312e+01 2.267248366121073222e-02
5.263157894736831821e-01 2.364043538519758059e+01 2.170680033467340536e-02
2.631578947368421240e+00 2.364556003647423665e+01 2.175815304933240851e-02
4.736842105263157521e+00 2.379792564006205069e+01 2.341561014521952380e-02
6.842105263157893802e+00 2.368384105056568245e+01 2.215044981431048970e-02
8.947368421052630083e+00 2.387208537253843588e+01 2.432140544915315297e-02
1.105263157894736636e+01 2.360023447767025928e+01 2.131322162214274035e-02
1.315789473684210265e+01 2.372698787809566312e+01 2.261154789944023330e-02
1.526315789473684248e+01 2.398783073555849299e+01 2.588087097510954199e-02
1.736842105263157876e+01 2.408779875468550813e+01 2.738573400961785698e-02
1.947368421052631504e+01 2.450969695177346352e+01 3.575600386534476954e-02
2.157894736842105132e+01 2.450488002827014711e+01 3.563847532486215386e-02
2.368421052631578760e+01 2.466306017469093348e+01 3.981960658808410269e-02
2.578947368421052744e+01 2.463415641068340634e+01 3.900389644606318262e-02
2.789473684210526017e+01 2.503792512316906382e+01 5.292369662407114816e-02
3.000000000000000000e+01 2.499646001657657735e+01 5.121330082290795338e-02
