-1.000000000000000000e+01 2.323442190283352460e+01 1.839033913805172837e-02
-7.894736842105263719e+00 2.311713277784007659e+01 1.766339864720862032e-02
-5.789473684210526550e+00 2.277406935525812059e+01 1.597808050783488740e-02
-3.684210526315789380e+00 2.296506670937598571e+01 1.684261082976026488e-02
-1.578947368421053099e+00 2.318987056942705394e+01 1.810382987357431889e-02
5.263157894736831821e-01 2.293530976352190720e+01 1.669649118574091998e-02
2.631578947368421240e+00 2.296968066777176176e+01 1.686567097083826322e-02
4.736842105263157521e+00 2.308281088279598592e+01 1.746675765449980447e-02
6.842105263157893802e+00 2.310845053542222516e+01 1.761299684758877576e-02
8.947368421052630083e+00 2.352019290757391090e+01 2.057647264708908560e-02
1.105263157894736636e+01 2.361234972338745308e+01 2.143012321241691970e-02
1.315789473684210265e+01 2.380762093609858709e+01 2.353013675245495262e-02
1.526315789473684248e+01 2.394298049963006392e+01 2.525444581950508222e-02
1.736842105263157876e+01 2.419906212730037609e+01 2.925323472062129823e-02
1.947368421052631504e+01 2.431617495460863054e+01 3.146428576184132769e-02
2.157894736842105132e+01 2.438658381622498439e+01 3.292774138840635911e-02
2.368421052631578760e+01 2.460732523940897210e+01 3.826809995389122282e-02
2.578947368421052744e+01 2.491131515961070519e+01 4.792197402033190889e-02
2.789473684210526017e+01 2.508799494692953758e+01 5.508875842115110166e-02
3.000000000000000000e+01 2.501850271835755635e+01 5.211344599533757060e-02
