-1.000000000000000000e+01 2.301737642887183100e+01 1.711058104826352483e-02
-7.894736842105263719e+00 2.276814627850913197e+01 1.595389395086219131e-02
-5.789473684210526550e+00 2.263329290522397486e+01 1.544131357625125670e-02
-3.684210526315789380e+00 2.242357696089061392e+01 1.477298856707614724e-02
-1.578947368421053099e+00 2.221329880907219234e+01 1.423316346761630685e-02
5.263157894736831821e-01 2.240151635686546427e+01 1.471071277637725841e-02
2.631578947368421240e+00 2.242146998593803531e+01 1.476697941512841727e-02
4.736842105263157521e+00 2.261044398121764587e+01 1.536129916751338004e-02
6.842105263157893802e+00 2.230441511526651865e+01 1.445280996943558785e-02
8.947368421052630083e+00 2.267325899184827165e+01 1.558587713030150021e-02
1.105263157894736636e+01 2.264125600218038059e+01 1.546964475038234074e-02
1.315789473684210265e+01 2.283562921807826029e+01 1.623838647545310099e-02
1.526315789473684248e+01 2.302993785311424801e+01 1.717710796339199167e-02
1.736842105263157876e+01 2.316075069524760366e+01 1.792353876350085556e-02
1.947368421052631504e+01 2.326151903867140902e+01 1.857113831786213337e-02
2.157894736842105132e+01 2.345235616859817185e+01 1.999788148255042530e-02
2.368421052631578760e+01 2.365564716797183209e+01 2.186002843241369870e-02
2.578947368421052744e+01 2.376266137865185257e+01 2.300855790245909596e-02
2.789473684210526017e+01 2.387427143638699434e+01 2.434916987294930696e-02
3.000000000000000000e+01 2.414720725852533434e+01 2.835623002692456984e-02
