-1.000000000000000000e+01 2.487703508155912857e+01 4.667620663336671805e-02
-7.894736842105263719e+00 2.454917445439816248e+01 3.674150248463751989e-02
-5.789473684210526550e+00 2.436266094747272959e+01 3.241855748157654316e-02
-3.684210526315789380e+00 2.445845001787665396e+01 3.453501799443200321e-02
-1.578947368421053099e+00 2.439302889405470864e+01 3.306707921475450507e-02
5.263157894736831821e-01 2.433920333502380018e+01 3.193130785605260286e-02
2.631578947368421240e+00 2.423462433265299154e+01 2.989667932527286659e-02
4.736842105263157521e+00 2.428936710599012017e+01 3.093438167076280332e-02
6.842105263157893802e+00 2.425794019559318215e+01 3.033151387200243992e-02
8.947368421052630083e+00 2.434691927434709413e+01 3.209028240058894865e-02
1.105263157894736636e+01 2.447092799628739712e+01 3.482640599552409844e-02
1.315789473684210265e+01 2.451398975705985706e+01 3.586123674049622456e-02
1.526315789473684248e+01 2.478295944948592577e+01 4.347493977471036941e-02
1.736842105263157876e+01 2.479407882087132720e+01 4.383735822397105686e-02
1.947368421052631504e+01 2.489538248977612156e+01 4.733749606685316857e-02
2.157894736842105132e+01 2.478669468218104299e+01 4.359622130877802149e-02
2.368421052631578760e+01 2.498152964443008628e+01 5.061510012352507526e-02
2.578947368421052744e+01 2.526947449133987078e+01 6.394144364587341089e-02
2.789473684210526017e+01 2.523672024542260317e+01 6.221895739433526418e-02
3.000000000000000000e+01 2.546601886032675566e+01 7.559169620363417885e-02
