-1.000000000000000000e+01 2.376257290072772932e+01 2.300755508404926652e-02
-7.894736842105263719e+00 2.391269735166273946e+01 2.484754718453740380e-02
-5.789473684210526550e+00 2.380937126809151039e+01 2.355093482121413395e-02
-3.684210526315789380e+00 2.373926946380674963e+01 2.274658674134841935e-02
-1.578947368421053099e+00 2.347425306821309476e+01 2.018024552093647742e-02
5.263157894736831821e-01 2.375942426399398144e+01 2.297192750022646751e-02
2.631578947368421240e+00 2.364549825694856366e+01 2.175753235882055270e-02
4.736842105263157521e+00 2.405229966695364752e+01 2.683353012169830548e-02
6.842105263157893802e+00 2.390822001204381664e+01 2.478845686628852740e-02
8.947368421052630083e+00 2.405899732659981538e+01 2.693617626420199279e-02
1.105263157894736636e+01 2.432534781769690824e+01 3.164898818001085634e-02
1.315789473684210265e+01 2.447301263350050959e+01 3.487545282202383912e-02
1.526315789473684248e+01 2.470990922303137793e+01 4.119442408097918895e-02
1.736842105263157876e+01 2.460242836661998211e+01 3.813599173772540263e-02
1.947368421052631504e+01 2.475554465324782072e+01 4.259892445989610366e-02
2.157894736842105132e+01 2.506514478489318520e+01 5.408684270730193533e-02
2.368421052631578760e+01 2.530435767091850607e+01 6.584089989090956274e-02
2.578947368421052744e+01 2.551277657462463822e+01 7.872805969428595119e-02
2.789473684210526017e+01 2.534506175526223259e+01 6.814530795286320719e-02
3.000000000000000000e+01 2.572805193043980765e+01 9.528573082816418904e-02
