-1.000000000000000000e+01 2.447245101165164272e+01 3.486222876059522774e-02
-7.894736842105263719e+00 2.414207896724093416e+01 2.827009366101734811e-02
-5.789473684210526550e+00 2.390994555617137252e+01 2.481119772132599210e-02
-3.684210526315789380e+00 2.383178683242073248e+01 2.382062480867258580e-02
-1.578947368421053099e+00 2.378877671746087685e+01 2.330858103744345988e-02
5.263157894736831821e-01 2.373134738217409279e+01 2.265928627199689099e-02
2.631578947368421240e+00 2.378893584109243520e+01 2.331043395073940927e-02
4.736842105263157521e+00 2.376443723015779597e+01 2.302870492659623777e-02
6.842105263157893802e+00 2.402512885197947412e+01 2.642430409672929040e-02
8.947368421052630083e+00 2.389058569263476173e+01 2.455835673222666812e-02
1.105263157894736636e+01 2.390628906083887273e+01 2.476305681942898157e-02
1.315789473684210265e+01 2.380114455134628315e+01 2.345350713721887359e-02
1.526315789473684248e+01 2.419553324354927426e+01 2.919066044058842360e-02
1.736842105263157876e+01 2.428493669394127252e+01 3.084820656993471702e-02
1.947368421052631504e+01 2.457773292711630830e+01 3.747981204593785892e-02
2.157894736842105132e+01 2.485970136972591860e+01 4.606282581834376944e-02
2.368421052631578760e+01 2.481872036311579066e+01 4.465545110551813468e-02
2.578947368421052744e+01 2.484069693585811578e+01 4.540278579579018481e-02
2.789473684210526017e+01 2.482285345135402110e+01 4.479471274010576876e-02
3.000000000000000000e+01 2.529020031495227983e+01 6.506177022034585755e-02
