-1.000000000000000000e+01 2.358115891855999635e+01 2.113208927129330006e-02
-7.894736842105263719e+00 2.343442771418110837e+01 1.985159901430727861e-02
-5.789473684210526550e+00 2.345393824428621699e+01 2.001092013508546513e-02
-3.684210526315789380e+00 2.337499043281539457e+01 1.938550597962868799e-02
-1.578947368421053099e+00 2.333140315594591030e+01 1.906138439013004698e-02
5.263157894736831821e-01 2.320003958823034296e+01 1.816807404879283716e-02
2.631578947368421240e+00 2.331155847286464322e+01 1.891856688409274123e-02
4.736842105263157521e+00 2.336502966047840246e+01 1.931014875835137742e-02
6.842105263157893802e+00 2.331386943221109576e+01 1.893504858231446694e-02
8.947368421052630083e+00 2.312730655089673704e+01 1.772303519981672723e-02
1.105263157894736636e+01 2.323729526725918859e+01 1.840927276971589255e-02
1.315789473684210265e+01 2.357326351115483476e+01 2.105815303050638521e-02
1.526315789473684248e+01 2.347884826404948555e+01 2.021904044284925095e-02
1.736842105263157876e+01 2.383895727586887858e+01 2.390821738877794284e-02
1.947368421052631504e+01 2.376641551860349821e+01 2.305119201539204341e-02
2.157894736842105132e+01 2.397481854002967694e+01 2.569614072578139258e-02
2.368421052631578760e+01 2.420268645127193707e+01 2.931773845243567170e-02
2.578947368421052744e+01 2.417401838994425134e+01 2.881403791493927086e-02
2.789473684210526017e+01 2.438396487989510319e+01 3.287138558873044236e-02
3.000000000000000000e+01 2.462807539417244840e+01 3.883534966513817188e-02
