-1.000000000000000000e+01 2.245503441616106954e+01 1.486427381533831152e-02
-7.894736842105263719e+00 2.219117441508680955e+01 1.418286769751231705e-02
-5.789473684210526550e+00 2.215549917130051938e+01 1.410414150155353367e-02
-3.684210526315789380e+00 2.193641195419105472e+01 1.367922284380369141e-02
-1.578947368421053099e+00 2.185362265466724452e+01 1.354201441460065394e-02
5.263157894736831821e-01 2.200595436357154000e+01 1.380386810858587332e-02
2.631578947368421240e+00 2.197886069352379579e+01 1.375424249974406370e-02
4.736842105263157521e+00 2.195345685892811005e+01 1.370895292480756207e-02
6.842105263157893802e+00 2.197889515950419792e+01 1.375430475337621403e-02
8.947368421052630083e+00 2.189370030480564822e+01 1.360697631799164670e-02
1.105263157894736636e+01 2.229478424420498683e+01 1.442860777675995451e-02
1.315789473684210265e+01 2.250231494683556832e+01 1.500715907111950173e-02
1.526315789473684248e+01 2.273641274037010618e+01 1.582679422842575567e-02
1.736842105263157876e+01 2.282129389023261012e+01 1.617628759470676400e-02
1.947368421052631504e+01 2.328286477925151132e+01 1.871715744918494434e-02
2.157894736842105132e+01 2.328119233226260576e+01 1.870560056548363145e-02
2.368421052631578760e+01 2.337345606116834418e+01 1.937384742975511651e-02
2.578947368421052744e+01 2.355824882234429651e+01 2.091919614594018456e-02
2.789473684210526017e+01 2.374529322949548416e+01 2.281344619551314151e-02
3.000000000000000000e+01 2.391091612582588510e+01 2.482400657262489457e-02
