-1.000000000000000000e+01 2.345340165201064409e+01 2.000649543766115299e-02
-7.894736842105263719e+00 2.306457481237564267e+01 1.736507029193304005e-02
-5.789473684210526550e+00 2.305885771583234600e+01 1.733358192984122553e-02
-3.684210526315789380e+00 2.288505916533683049e+01 1.645967851708308657e-02
-1.578947368421053099e+00 2.296306387124194259e+01 1.683263487595945684e-02
5.263157894736831821e-01 2.318488473087015578e+01 1.807257605373372572e-02
2.631578947368421240e+00 2.305580501569857788e+01 1.731684416354381181e-02
4.736842105263157521e+00 2.320583573435419567e+01 1.820499408938626440e-02
6.842105263157893802e+00 2.338382818424447507e+01 1.945301723671188573e-02
8.947368421052630083e+00 2.343446269136213900e+01 1.985188178048476887e-02
1.105263157894736636e+01 2.332511568292851933e+01 1.901581872407135526e-02
1.315789473684210265e+01 2.381041443443229610e+01 2.356334793321321341e-02
1.526315789473684248e+01 2.399261301866609841e+01 2.594938798168213226e-02
1.736842105263157876e+01 2.434615870326782172e+01 3.207455588403789609e-02
1.947368421052631504e+01 2.417598697586178602e+01 2.884815275420510652e-02
2.157894736842105132e+01 2.455726848926386197e+01 3.694855417371512712e-02
2.368421052631578760e+01 2.455869178019306176e+01 3.698514178403011082e-02
2.578947368421052744e+01 2.475147529375010080e+01 4.247098649499348594e-02
2.789473684210526017e+01 2.498792577185993835e+01 5.087024204488072021e-02
3.000000000000000000e+01 2.501471250983656347e+01 5.195720943665065039e-02
