-1.000000000000000000e+01 2.353859237657201930e+01 2.074049798840810893e-02
-7.894736842105263719e+00 2.371089684013390908e+01 2.243718789519672657e-02
-5.789473684210526550e+00 2.388162866800755424e+01 2.444307188079729645e-02
-3.684210526315789380e+00 2.369529028126811454e+01 2.227081493104524426e-02
-1.578947368421053099e+00 2.378263791866913124e+01 2.323732913674019310e-02
5.263157894736831821e-01 2.333935827365053228e+01 1.911945989562374368e-02
2.631578947368421240e+00 2.360992418496171297e+01 2.140660198050748850e-02
4.736842105263157521e+00 2.364736202971197798e+01 2.177627481276268873e-02
6.842105263157893802e+00 2.377254466013254941e+01 2.312115310535196172e-02
8.947368421052630083e+00 2.378913975603240516e+01 2.331280887973499055e-02
1.105263157894736636e+01 2.406809050950689866e+01 2.707667315464419230e-02
1.315789473684210265e+01 2.404062024231063788e+01 2.665621979360145374e-02
1.526315789473684248e+01 2.417865640077514655e+01 2.889452345816322099e-02
1.736842105263157876e+01 2.443754848754410247e+01 3.405523157025980990e-02
1.947368421052631504e+01 2.487890046165273006e+01 4.674287084857939312e-02
2.157894736842105132e+01 2.492813757744367109e+01 4.854958697986075378e-02
2.368421052631578760e+01 2.478424028362104536e+01 4.351647541640391026e-02
2.578947368421052744e+01 2.490941572435628615e+01 4.785179023170291202e-02
2.789473684210526017e+01 2.515569327582055337e+01 5.819934643367540017e-02
3.000000000000000000e+01 2.521329479718093936e+01 6.102220194364932349e-02
