-1.000000000000000000e+01 2.409340683157007135e+01 2.747483106578041401e-02
-7.894736842105263719e+00 2.421376155361493687e+01 2.951634527440625405e-02
-5.789473684210526550e+00 2.429719857189223831e+01 3.108767492387873310e-02
-3.684210526315789380e+00 2.405597091683612376e+01 2.688970682646699834e-02
-1.578947368421053099e+00 2.384386475249078430e+01 2.396853989662636047e-02
5.263157894736831821e-01 2.442723898480072720e+01 3.382235643766598465e-02
2.631578947368421240e+00 2.396250529051077294e+01 2.552359764889736149e-02
4.736842105263157521e+00 2.406889105571968202e+01 2.708910534493685213e-02
6.842105263157893802e+00 2.425769651260406690e+01 3.032691505860437772e-02
8.947368421052630083e+00 2.408466508117052030e+01 2.733617207436494362e-02
1.105263157894736636e+01 2.416021515400355213e+01 2.857676552804709960e-02
1.315789473684210265e+01 2.432759687196687537e+01 3.169454147426270518e-02
1.526315789473684248e+01 2.461202943287299405e+01 3.839563887591920799e-02
1.736842105263157876e+01 2.453114097061635235e+01 3.628635016815751069e-02
1.947368421052631504e+01 2.475708085961472804e+01 4.264736131695483212e-02
2.157894736842105132e+01 2.482782729226086715e+01 4.496309059258152274e-02
2.368421052631578760e+01 2.504242277313824516e+01 5.311364833172636801e-02
2.578947368421052744e+01 2.496897748261510941e+01 5.011925158083077592e-02
2.789473684210526017e+01 2.532517760685907859e+01 6.700752585922184479e-02
3.000000000000000000e+01 2.525284030696123594e+01 6.305942350016362219e-02
