-1.000000000000000000e+01 2.451276106079953010e+01 3.583106922611052625e-02
-7.894736842105263719e+00 2.461291700527126736e+01 3.841977186675498562e-02
-5.789473684210526550e+00 2.451148705845056597e+01 3.579982961117379736e-02
-3.684210526315789380e+00 2.433793022060977052e+01 3.190519854898013485e-02
-1.578947368421053099e+00 2.443008117572454907e+01 3.388631036611544634e-02
5.263157894736831821e-01 2.437576859829668408e+01 3.269599202643978103e-02
2.631578947368421240e+00 2.420640184889554547e+01 2.938411339360575900e-02
4.736842105263157521e+00 2.439819445680055665e+01 3.317942431005764525e-02
6.842105263157893802e+00 2.433265290327950936e+01 3.179733440916975018e-02
8.947368421052630083e+00 2.451483943707111735e+01 3.588212080663100156e-02
1.105263157894736636e+01 2.462616557185539534e+01 3.878263274612782363e-02
1.315789473684210265e+01 2.462124072484155590e+01 3.864716930389239247e-02
1.526315789473684248e+01 2.482179464710860017e+01 4.475898055917570950e-02
1.736842105263157876e+01 2.487538523077276054e+01 4.661735152621948597e-02
1.947368421052631504e+01 2.496219749556300727e+01 4.985407511822870230e-02
2.157894736842105132e+01 2.502520233557256546e+01 5.239110735184278334e-02
2.368421052631578760e+01 2.535356238576462218e+01 6.863887173131875963e-02
2.578947368421052744e+01 2.544225153049196919e+01 7.405441085958529290e-02
2.789473684210526017e+01 2.575275857635722687e+01 9.743156775095304645e-02
3.000000000000000000e+01 2.549945670425723776e+01 7.781917125574881744e-02
