-1.000000000000000000e+01 2.319290869001181576e+01 1.812295320663317999e-02
-7.894736842105263719e+00 2.294264638381362076e+01 1.673210246912216689e-02
-5.789473684210526550e+00 2.282721875270434353e+01 1.620184229221604752e-02
-3.684210526315789380e+00 2.285141673886717939e+01 1.630784503211181458e-02
-1.578947368421053099e+00 2.300848694441173237e+01 1.706401840856305516e-02
5.263157894736831821e-01 2.306114386734666510e+01 1.734615125439872493e-02
2.631578947368421240e+00 2.273986289644380676e+01 1.584041250615482802e-02
4.736842105263157521e+00 2.314244690794792803e+01 1.781294949036534014e-02
6.842105263157893802e+00 2.307596078560360553e+01 1.742833630263469769e-02
8.947368421052630083e+00 2.335752671860586815e+01 1.925389415066283694e-02
1.105263157894736636e+01 2.349038893381521831e+01 2.031728571547383039e-02
1.315789473684210265e+01 2.384996995712484846e+01 2.404401154436720117e-02
1.526315789473684248e+01 2.375153194055566175e+01 2.288312991302599020e-02
1.736842105263157876e+01 2.398514351277685464e+01 2.584251823070642107e-02
1.947368421052631504e+01 2.412073769105556309e+01 2.791648374188700557e-02
2.157894736842105132e+01 2.428588084990649065e+01 3.086653822213528478e-02
2.368421052631578760e+01 2.436892624309802713e+01 3.255070070322086534e-02
2.578947368421052744e+01 2.451590271759785722e+01 3.590828065510401346e-02
2.789473684210526017e+01 2.460550947646549957e+01 3.821903644215418616e-02
3.000000000000000000e+01 2.492310947596883963e+01 4.836085758878368168e-02
