-1.000000000000000000e+01 2.414324345622121371e+01 2.828961288472934058e-02
-7.894736842105263719e+00 2.397230703462626522e+01 2.566076970024557674e-02
-5.789473684210526550e+00 2.409327222447558015e+01 2.747268649444976202e-02
-3.684210526315789380e+00 2.393870844346340832e+01 2.519627295356068747e-02
-1.578947368421053099e+00 2.396179964000373630e+01 2.551377562776385027e-02
5.263157894736831821e-01 2.418129978859358431e+01 2.894056763304352076e-02
2.631578947368421240e+00 2.411978394183043051e+01 2.790086144699680665e-02
4.736842105263157521e+00 2.402023656328556811e+01 2.635182874749310289e-02
6.842105263157893802e+00 2.409522945398884985e+01 2.750389851434067306e-02
8.947368421052630083e+00 2.424102799183343038e+01 3.001506792957090233e-02
1.105263157894736636e+01 2.436399419285204004e+01 3.244660600402171635e-02
1.315789473684210265e+01 2.447778003380063438e+01 3.498801548787033866e-02
1.526315789473684248e+01 2.434876481991391017e+01 3.212849444103067081e-02
1.736842105263157876e+01 2.468440122423567118e+01 4.043765661553425095e-02
1.947368421052631504e+01 2.477741562416894183e+01 4.329579164606485453e-02
2.157894736842105132e+01 2.502632375500513362e+01 5.243777128179435976e-02
2.368421052631578760e+01 2.533798046399158466e+01 6.773743924733098554e-02
2.578947368421052744e+01 2.524143972459624763e+01 6.246357859524144518e-02
2.789473684210526017e+01 2.533547783636610617e+01 6.759400245798304063e-02
3.000000000000000000e+01 2.526077582492705176e+01 6.347831672260927094e-02
