-1.000000000000000000e+01 2.397457523214863784e+01 2.569271007341187782e-02
-7.894736842105263719e+00 2.370737184853533819e+01 2.239937582665017454e-02
-5.789473684210526550e+00 2.356257223304160320e+01 2.095898815934409132e-02
-3.684210526315789380e+00 2.351234934529609788e+01 2.050748897567115231e-02
-1.578947368421053099e+00 2.342065128086902703e+01 1.974101428742971315e-02
5.263157894736831821e-01 2.328085058110182359e+01 1.870324145654317025e-02
2.631578947368421240e+00 2.342434596071027997e+01 1.977051807136666339e-02
4.736842105263157521e+00 2.346866396890841600e+01 2.013330629938959310e-02
6.842105263157893802e+00 2.352808066657182451e+01 2.064640913108154591e-02
8.947368421052630083e+00 2.337757204334534222e+01 1.940516333205026187e-02
1.105263157894736636e+01 2.348495911163583472e+01 2.027091641723714061e-02
1.315789473684210265e+01 2.345127064369838976e+01 1.998894742388083318e-02
1.526315789473684248e+01 2.375238868230589162e+01 2.289273435268393206e-02
1.736842105263157876e+01 2.388570301837850351e+01 2.449538058538126839e-02
1.947368421052631504e+01 2.399505655784667724e+01 2.598452764722095423e-02
2.157894736842105132e+01 2.410105427261304811e+01 2.759716014522929986e-02
2.368421052631578760e+01 2.413963390772420681e+01 2.822918552767493885e-02
2.578947368421052744e+01 2.433148310448320473e+01 3.177350391232040133e-02
2.789473684210526017e+01 2.476785264195010683e+01 4.298915808521525106e-02
3.000000000000000000e+01 2.466334606823268061e+01 3.982779681575734920e-02
