-1.000000000000000000e+01 2.415718009721713244e+01 2.852504476283650517e-02
-7.894736842105263719e+00 2.399592659308499876e+01 2.599706067219357403e-02
-5.789473684210526550e+00 2.374580219413850912e+01 2.281911435759204770e-02
-3.684210526315789380e+00 2.380033346978509456e+01 2.344394624515805728e-02
-1.578947368421053099e+00 2.368383420676032003e+01 2.215037828926674779e-02
5.263157894736831821e-01 2.327656610154069838e+01 1.867373601655184651e-02
2.631578947368421240e+00 2.352049816217396838e+01 2.057916862232495731e-02
4.736842105263157521e+00 2.333531715374899917e+01 1.908989867844534949e-02
6.842105263157893802e+00 2.345161703302557754e+01 1.999179718355808405e-02
8.947368421052630083e+00 2.349169934956062278e+01 2.032851521657172769e-02
1.105263157894736636e+01 2.351586172712832834e+01 2.053831129906184827e-02
1.315789473684210265e+01 2.362136737133628728e+01 2.151808723563404871e-02
1.526315789473684248e+01 2.405826820299524016e+01 2.692496758844750010e-02
1.736842105263157876e+01 2.409456657477404917e+01 2.749332050746114767e-02
1.947368421052631504e+01 2.428375495659567918e+01 3.082528715471526473e-02
2.157894736842105132e+01 2.411893847771690957e+01 2.788702567038243985e-02
2.368421052631578760e+01 2.453896208451770988e+01 3.648271214596572609e-02
2.578947368421052744e+01 2.459115222356008346e+01 3.783430402966496409e-02
2.789473684210526017e+01 2.475841860108674553e+01 4.268960299177103346e-02
3.000000000000000000e+01 2.498207068473454129e+01 5.063661726023006848e-02
