-1.000000000000000000e+01 2.410313393629554923e+01 2.763059353530306766e-02
-7.894736842105263719e+00 2.423949920886005671e+01 2.998673335433983678e-02
-5.789473684210526550e+00 2.414302631535451127e+01 2.828597138310936024e-02
-3.684210526315789380e+00 2.411827813255969133e+01 2.787622768618190985e-02
-1.578947368421053099e+00 2.426864471466076623e+01 3.053467364554320398e-02
5.263157894736831821e-01 2.419370383273087910e+01 2.915831064241727888e-02
2.631578947368421240e+00 2.422948757165628564e+01 2.980227528659848066e-02
4.736842105263157521e+00 2.435554116886910236e+01 3.226942322638682442e-02
6.842105263157893802e+00 2.444382206742497843e+01 3.419815623238908753e-02
8.947368421052630083e+00 2.439264563542274544e+01 3.305876756351577156e-02
1.105263157894736636e+01 2.480642548063988784e+01 4.424466966308127081e-02
1.315789473684210265e+01 2.484486062575512832e+01 4.554629145752160657e-02
1.526315789473684248e+01 2.499284489821841504e+01 5.106761253759076191e-02
1.736842105263157876e+01 2.518783746773203802e+01 5.975395714654824220e-02
1.947368421052631504e+01 2.536468297682403517e+01 6.929111242528011860e-02
2.157894736842105132e+01 2.522881565575248430e+01 6.181189812858177424e-02
2.368421052631578760e+01 2.547181726971272298e+01 7.597248402997613947e-02
2.578947368421052744e+01 2.552185423432717215e+01 7.935465952618080132e-02
2.789473684210526017e+01 2.565570138187954541e+01 8.930693803916335549e-02
3.000000000000000000e+01 2.585729309046628899e+01 1.071397100875697700e-01
