-1.000000000000000000e+01 2.426917133129204274e+01 3.054472614327961508e-02
-7.894736842105263719e+00 2.401382210800614558e+01 2.625735516137085029e-02
-5.789473684210526550e+00 2.385144033449459400e+01 2.406225913310267028e-02
-3.684210526315789380e+00 2.369212705422849652e+01 2.223741812356200970e-02
-1.578947368421053099e+00 2.368950066624374173e+01 2.220977169884593566e-02
5.263157894736831821e-01 2.369801022371972010e+01 2.229961871914284965e-02
2.631578947368421240e+00 2.366872505997268306e+01 2.199369409673854886e-02
4.736842105263157521e+00 2.356557888914559484e+01 2.098676557531575088e-02
6.842105263157893802e+00 2.386568580146483853e+01 2.424048508743072844e-02
8.947368421052630083e+00 2.365982730657697886e+01 2.190255697501715046e-02
1.105263157894736636e+01 2.398465653301540357e+01 2.583557927896636131e-02
1.315789473684210265e+01 2.399789783934530618e+01 2.602549842373813246e-02
1.526315789473684248e+01 2.422921938746092252e+01 2.979736026468919260e-02
1.736842105263157876e+01 2.414194784587476050e+01 2.826789726358623633e-02
1.947368421052631504e+01 2.445621948200099993e+01 3.448332338713045592e-02
2.157894736842105132e+01 2.478929610865637301e+01 4.368096457158114621e-02
2.368421052631578760e+01 2.481910336859342792e+01 4.466833131812214530e-02
2.578947368421052744e+01 2.479591355969166244e+01 4.389755847079931939e-02
2.789473684210526017e+01 2.506540775162835288e+01 5.409823950083696154e-02
3.000000000000000000e+01 2.502082074631490727e+01 5.220929855866592029e-02
