-1.000000000000000000e+01 2.405128330452559382e+01 2.681801544869395759e-02
-7.894736842105263719e+00 2.413830706114567448e+01 2.820702921237744354e-02
-5.789473684210526550e+00 2.398413831265786555e+01 2.582819900161458654e-02
-3.684210526315789380e+00 2.379767959624098239e+01 2.341271857790568761e-02
-1.578947368421053099e+00 2.387426975605731982e+01 2.434914850766824873e-02
5.263157894736831821e-01 2.343665344078000956e+01 1.986961277432549439e-02
2.631578947368421240e+00 2.369050676144356515e+01 2.222035343170140897e-02
4.736842105263157521e+00 2.352110923899363115e+01 2.058456813256161200e-02
6.842105263157893802e+00 2.373610314294592882e+01 2.271160878235557734e-02
8.947368421052630083e+00 2.387133031237221559e+01 2.431183020784475832e-02
1.105263157894736636e+01 2.398151676516319242e+01 2.579092430785394352e-02
1.315789473684210265e+01 2.400233879374157908e+01 2.608977675950374664e-02
1.526315789473684248e+01 2.403341329212654642e+01 2.654786705633598032e-02
1.736842105263157876e+01 2.424682374023449327e+01 3.012289271545314298e-02
1.947368421052631504e+01 2.404945788995640399e+01 2.679019140674916005e-02
2.157894736842105132e+01 2.432084131213540346e+01 3.155802834656930289e-02
2.368421052631578760e+01 2.474698663258369891e+01 4.233048631579518217e-02
2.578947368421052744e+01 2.461530223814168394e+01 3.848473544978231464e-02
2.789473684210526017e+01 2.491968024867182407e+01 4.823270108933221112e-02
3.000000000000000000e+01 2.506286512779929865e+01 5.398817318797470566e-02
