-1.000000000000000000e+01 2.472550495378271762e+01 4.166700252643258662e-02
-7.894736842105263719e+00 2.447378107240501421e+01 3.489355903340443654e-02
-5.789473684210526550e+00 2.421466955247193553e+01 2.953272884468841064e-02
-3.684210526315789380e+00 2.440478506051938012e+01 3.332363266687586589e-02
-1.578947368421053099e+00 2.410918255976934432e+01 2.772824118429797688e-02
5.263157894736831821e-01 2.433125125906255803e+01 3.176878429217938615e-02
2.631578947368421240e+00 2.427672175693888335e+01 3.068945588731728305e-02
4.736842105263157521e+00 2.439650672786771324e+01 3.314265239190828521e-02
6.842105263157893802e+00 2.431966005181925894e+01 3.153425538263771033e-02
8.947368421052630083e+00 2.444783449993439106e+01 3.429005269046005167e-02
1.105263157894736636e+01 2.459598094680626446e+01 3.796306547821869104e-02
1.315789473684210265e+01 2.468669100344189360e+01 4.050478036137485083e-02
1.526315789473684248e+01 2.467981902160565255e+01 4.030380588721144131e-02
1.736842105263157876e+01 2.501295188971275962e+01 5.188484187205733011e-02
1.947368421052631504e+01 2.491951069660249374e+01 4.822637635013121704e-02
2.157894736842105132e+01 2.475205202184309883e+01 4.248908585824587303e-02
2.368421052631578760e+01 2.497511376522995619e+01 5.036085279317104035e-02
2.578947368421052744e+01 2.510792199486754939e+01 5.598195398468797102e-02
2.789473684210526017e+01 2.524054040869311422e+01 6.241687331418166451e-02
3.000000000000000000e+01 2.544116572450395708e+01 7.398507484538074941e-02
