-1.000000000000000000e+01 2.502428613720913120e+01 5.235302294735730277e-02
-7.894736842105263719e+00 2.482674635808121977e+01 4.492642470132639232e-02
-5.789473684210526550e+00 2.481099556049370847e+01 4.439675264509190811e-02
-3.684210526315789380e+00 2.473802881309470791e+01 4.205202994185654186e-02
-1.578947368421053099e+00 2.466170113910314043e+01 3.978070612949086843e-02
5.263157894736831821e-01 2.460787740446310323e+01 3.828303813635594577e-02
2.631578947368421240e+00 2.451202911359578707e+01 3.581311625340473370e-02
4.736842105263157521e+00 2.447802882662273305e+01 3.499390489635481605e-02
6.842105263157893802e+00 2.469650489229703538e+01 4.079426904105908080e-02
8.947368421052630083e+00 2.454822148019348305e+01 3.671723801006895188e-02
1.105263157894736636e+01 2.463745337450938777e+01 3.909572012325482349e-02
1.315789473684210265e+01 2.474588018770865006e+01 4.229595298052046815e-02
1.526315789473684248e+01 2.477683811617394483e+01 4.327718827902730936e-02
1.736842105263157876e+01 2.499145704990630534e+01 5.101182652239988347e-02
1.947368421052631504e+01 2.486335781735599326e+01 4.619130551925146322e-02
2.157894736842105132e+01 2.510784208365351589e+01 5.597833538029330092e-02
2.368421052631578760e+01 2.531760654144272493e+01 6.658039180033367699e-02
2.578947368421052744e+01 2.535154759669512003e+01 6.852149810649438288e-02
2.789473684210526017e+01 2.566009705772978577e+01 8.965761239399958060e-02
3.000000000000000000e+01 2.537013034421084257e+01 6.961334477031924650e-02
