-1.000000000000000000e+01 2.503190917082333300e+01 5.267099291191963684e-02
-7.894736842105263719e+00 2.521015918978482162e+01 6.086418984122551890e-02
-5.789473684210526550e+00 2.484911041613097282e+01 4.569340046289192825e-02
-3.684210526315789380e+00 2.513951531281639262e+01 5.743617103604227447e-02
-1.578947368421053099e+00 2.518092629117591841e+01 5.941535180915975822e-02
5.263157894736831821e-01 2.494050569184896204e+01 4.901800206939554982e-02
2.631578947368421240e+00 2.500990355010116417e+01 5.175985437194358108e-02
4.736842105263157521e+00 2.497662122210738289e+01 5.042043916663800640e-02
6.842105263157893802e+00 2.483277474499279336e+01 4.513143276137598914e-02
8.947368421052630083e+00 2.521867445961295928e+01 6.129448956539429449e-02
1.105263157894736636e+01 2.546513128292395578e+01 7.553360840187035852e-02
1.315789473684210265e+01 2.514414322865222928e+01 5.765319066557483829e-02
1.526315789473684248e+01 2.533581294161927033e+01 6.761318741483220152e-02
1.736842105263157876e+01 2.543150464917038889e+01 7.337155149063315229e-02
1.947368421052631504e+01 2.556057259233427104e+01 8.209400413989344225e-02
2.157894736842105132e+01 2.562259227836835862e+01 8.671597542733626429e-02
2.368421052631578760e+01 2.577553428441188288e+01 9.945863944402548451e-02
2.578947368421052744e+01 2.594709728958571660e+01 1.163562567438115591e-01
2.789473684210526017e+01 2.594456363758362016e+01 1.160843776381708936e-01
3.000000000000000000e+01 2.600518376194011694e+01 1.227878986900579755e-01
