-1.000000000000000000e+01 2.468999567352803837e+01 4.060193456512180277e-02
-7.894736842105263719e+00 2.477899291008309746e+01 4.334665743520324521e-02
-5.789473684210526550e+00 2.460119136613718283e+01 3.810272508998607116e-02
-3.684210526315789380e+00 2.460897002947046630e+01 3.831262287496304403e-02
-1.578947368421053099e+00 2.462214584183641009e+01 3.867201406960892041e-02
5.263157894736831821e-01 2.421236752131530068e+01 2.949122170052596165e-02
2.631578947368421240e+00 2.453906961590275060e+01 3.648542293382715795e-02
4.736842105263157521e+00 2.432099030292222253e+01 3.156102885271549335e-02
6.842105263157893802e+00 2.433270957364414144e+01 3.179848959571156264e-02
8.947368421052630083e+00 2.435497584319526609e+01 3.225762843034802457e-02
1.105263157894736636e+01 2.445875797578934296e+01 3.454216451841438801e-02
1.315789473684210265e+01 2.458993628781149710e+01 3.780198098309164867e-02
1.526315789473684248e+01 2.437860089475567804e+01 3.275643350473211868e-02
1.736842105263157876e+01 2.449977748834574953e+01 3.551461213064936728e-02
1.947368421052631504e+01 2.469258014151775527e+01 4.067814619530342457e-02
2.157894736842105132e+01 2.478926690550429512e+01 4.368001199846426041e-02
2.368421052631578760e+01 2.477804053260163997e+01 4.331593439664371825e-02
2.578947368421052744e+01 2.491859652425012683e+01 4.819229433007406194e-02
2.789473684210526017e+01 2.534354586252142028e+01 6.805774512315269920e-02
3.000000000000000000e+01 2.538304165259988210e+01 7.038435468579887222e-02
