-1.000000000000000000e+01 2.456702781537135394e+01 3.720051077668420220e-02
-7.894736842105263719e+00 2.466425383543665717e+01 3.985381835662481220e-02
-5.789473684210526550e+00 2.458479365059859845e+01 3.766572161057340357e-02
-3.684210526315789380e+00 2.452256817877623263e+01 3.607292483466419813e-02
-1.578947368421053099e+00 2.452562993605876684e+01 3.614893314319692075e-02
5.263157894736831821e-01 2.441610500701078479e+01 3.357361864605523660e-02
2.631578947368421240e+00 2.462231876192977609e+01 3.867676322805264910e-02
4.736842105263157521e+00 2.450647396964594904e+01 3.567730153048668390e-02
6.842105263157893802e+00 2.448009425606971234e+01 3.504285590984577980e-02
8.947368421052630083e+00 2.487187195686770380e+01 4.649235518100813813e-02
1.105263157894736636e+01 2.488619315983039826e+01 4.700472663810274787e-02
1.315789473684210265e+01 2.481238097183588209e+01 4.444299785219310572e-02
1.526315789473684248e+01 2.520125376773360415e+01 6.041819237716823665e-02
1.736842105263157876e+01 2.518799983583030411e+01 5.976194119375601022e-02
1.947368421052631504e+01 2.531045355490778093e+01 6.617989181511071961e-02
2.157894736842105132e+01 2.529894281300205350e+01 6.554155902303702985e-02
2.368421052631578760e+01 2.541220142949945426e+01 7.216383517676677739e-02
2.578947368421052744e+01 2.565705311795897359e+01 8.941460671129204674e-02
2.789473684210526017e+01 2.553447180778352532e+01 8.023539256805380104e-02
3.000000000000000000e+01 2.560163252078416818e+01 8.512083575775813982e-02
