-1.000000000000000000e+01 2.482477282732152091e+01 4.485958661079975096e-02
-7.894736842105263719e+00 2.470880713392353201e+01 4.116131501220199329e-02
-5.789473684210526550e+00 2.474707187436360911e+01 4.233314843602616062e-02
-3.684210526315789380e+00 2.478334640747547724e+01 4.348748250167605578e-02
-1.578947368421053099e+00 2.475264524477231021e+01 4.250771409270391599e-02
5.263157894736831821e-01 2.459960468071150075e+01 3.806011634868477350e-02
2.631578947368421240e+00 2.466102194072555776e+01 3.976128543310440688e-02
4.736842105263157521e+00 2.467483804499629230e+01 4.015902111151249676e-02
6.842105263157893802e+00 2.469362953184888809e+01 4.070914889400761849e-02
8.947368421052630083e+00 2.473824885524814476e+01 4.205883929128936827e-02
1.105263157894736636e+01 2.489581790542915485e+01 4.735334185657703865e-02
1.315789473684210265e+01 2.512531095276488102e+01 5.677649881566346202e-02
1.526315789473684248e+01 2.509091910892585275e+01 5.521868442419025635e-02
1.736842105263157876e+01 2.518160886898584394e+01 5.944868681119856724e-02
1.947368421052631504e+01 2.537372615244206386e+01 6.982704280634145777e-02
2.157894736842105132e+01 2.528201971401089665e+01 6.461671290929754674e-02
2.368421052631578760e+01 2.540857734615293495e+01 7.193975656928303097e-02
2.578947368421052744e+01 2.553588698830166237e+01 8.033489064866873586e-02
2.789473684210526017e+01 2.578478233601623160e+01 1.002953957548832903e-01
3.000000000000000000e+01 2.605456277124468301e+01 1.285661750046201979e-01
