-1.000000000000000000e+01 2.403150296404358599e+01 2.651928082073945481e-02
-7.894736842105263719e+00 2.377729703833378139e+01 2.317570382751794889e-02
-5.789473684210526550e+00 2.383701846489034892e+01 2.388446947063276038e-02
-3.684210526315789380e+00 2.386491159131209727e+01 2.423073157302239183e-02
-1.578947368421053099e+00 2.396608546892298719e+01 2.557354061524669611e-02
5.263157894736831821e-01 2.397175859928848496e+01 2.565305791882842995e-02
2.631578947368421240e+00 2.405136904821982924e+01 2.681932369081847442e-02
4.736842105263157521e+00 2.411248172075078955e+01 2.778175898077719919e-02
6.842105263157893802e+00 2.412606392144946099e+01 2.800400935874541863e-02
8.947368421052630083e+00 2.408980800028387037e+01 2.741759632062057764e-02
1.105263157894736636e+01 2.421272972172565474e+01 2.949774589337030364e-02
1.315789473684210265e+01 2.462120798946337175e+01 3.864627117669287848e-02
1.526315789473684248e+01 2.467013923552542209e+01 4.002311719223314301e-02
1.736842105263157876e+01 2.458887634586631066e+01 3.777383769122780177e-02
1.947368421052631504e+01 2.486106389084943658e+01 4.611064534893417888e-02
2.157894736842105132e+01 2.515565818340094495e+01 5.819767719659436900e-02
2.368421052631578760e+01 2.512641673429588351e+01 5.682750742004100131e-02
2.578947368421052744e+01 2.508141829355320240e+01 5.479797068565611662e-02
2.789473684210526017e+01 2.521970777599552704e+01 6.134696299635453154e-02
3.000000000000000000e+01 2.566880498682528611e+01 9.035700978362860847e-02
