-1.000000000000000000e+01 2.332254036101673833e+01 1.899724021128982449e-02
-7.894736842105263719e+00 2.336846855455024397e+01 1.933607806051811095e-02
-5.789473684210526550e+00 2.304539989909835640e+01 1.726018719704628529e-02
-3.684210526315789380e+00 2.299008010885987829e+01 1.696894868095134151e-02
-1.578947368421053099e+00 2.289954203169659408e+01 1.652667883898246287e-02
5.263157894736831821e-01 2.274054450083436052e+01 1.584310862716067567e-02
2.631578947368421240e+00 2.284541296415880396e+01 1.628129778108753506e-02
4.736842105263157521e+00 2.270467207743443794e+01 1.570375301427510625e-02
6.842105263157893802e+00 2.295368556541191296e+01 1.678619511304353662e-02
8.947368421052630083e+00 2.287798714426830315e+01 1.642732335148415837e-02
1.105263157894736636e+01 2.316466946099594892e+01 1.794748756094699527e-02
1.315789473684210265e+01 2.322069988740870272e+01 1.830068833343412305e-02
1.526315789473684248e+01 2.326188405353843081e+01 1.857360838921478033e-02
1.736842105263157876e+01 2.345145489203621381e+01 1.999046311623733918e-02
1.947368421052631504e+01 2.332922948523312101e+01 1.904559830521039901e-02
2.157894736842105132e+01 2.371658995544183668e+01 2.249854766039028481e-02
2.368421052631578760e+01 2.386754082280555878e+01 2.426388633835230985e-02
2.578947368421052744e+01 2.383104559405787981e+01 2.381160682737257575e-02
2.789473684210526017e+01 2.404204784493450830e+01 2.667777862678419321e-02
3.000000000000000000e+01 2.418673596104145318e+01 2.903565304415167345e-02
