-1.000000000000000000e+01 2.306916778889149455e+01 1.739050189070647304e-02
-7.894736842105263719e+00 2.301719646354934667e+01 1.710963416683781296e-02
-5.789473684210526550e+00 2.253886107325800836e+01 1.512247015294408692e-02
-3.684210526315789380e+00 2.283628385973818098e+01 1.624124424557287297e-02
-1.578947368421053099e+00 2.282557254097329391e+01 1.619472632140591534e-02
5.263157894736831821e-01 2.240669455473759442e+01 1.472520373510670388e-02
2.631578947368421240e+00 2.267010543315435100e+01 1.557425279393764850e-02
4.736842105263157521e+00 2.275931288762217619e+01 1.591809620127242197e-02
6.842105263157893802e+00 2.277315641520214129e+01 1.597434294539709643e-02
8.947368421052630083e+00 2.320175542157148740e+01 1.817898054082366446e-02
1.105263157894736636e+01 2.315112560799531494e+01 1.786512536910801752e-02
1.315789473684210265e+01 2.318922228908521532e+01 1.809975703625743212e-02
1.526315789473684248e+01 2.329363389146437768e+01 1.879205232878407988e-02
1.736842105263157876e+01 2.352886902337776576e+01 2.065343033520213381e-02
1.947368421052631504e+01 2.391597947799935042e+01 2.489103686941250559e-02
2.157894736842105132e+01 2.370081180143770183e+01 2.232937146627699335e-02
2.368421052631578760e+01 2.416119970132515604e+01 2.859357806517855496e-02
2.578947368421052744e+01 2.400557616349029644e+01 2.613681999130301054e-02
2.789473684210526017e+01 2.419430774414613339e+01 2.916898297911337326e-02
3.000000000000000000e+01 2.448521865333883341e+01 3.516475543975447482e-02
