-1.000000000000000000e+01 2.475312796199434118e+01 4.252288065367275383e-02
-7.894736842105263719e+00 2.465108878669419568e+01 3.947880750860276178e-02
-5.789473684210526550e+00 2.419053813778688777e+01 2.910247484507573132e-02
-3.684210526315789380e+00 2.416155026763956926e+01 2.859956859633751639e-02
-1.578947368421053099e+00 2.424513342033516494e+01 3.009137931395437088e-02
5.263157894736831821e-01 2.428220620446375477e+01 3.079529179818453477e-02
2.631578947368421240e+00 2.432092254543135112e+01 3.155966423632279583e-02
4.736842105263157521e+00 2.427882370023854719e+01 3.072994743844479487e-02
6.842105263157893802e+00 2.426740524882974626e+01 3.051103518784444371e-02
8.947368421052630083e+00 2.419116653808872996e+01 2.911354395178412935e-02
1.105263157894736636e+01 2.436375760516427391e+01 3.244162591395240158e-02
1.315789473684210265e+01 2.449242307976492583e+01 3.533722625193986416e-02
1.526315789473684248e+01 2.471854589249214129e+01 4.145519271031752884e-02
1.736842105263157876e+01 2.480167162069817266e+01 4.408722838420078838e-02
1.947368421052631504e+01 2.502840212321519076e+01 5.252439786581947212e-02
2.157894736842105132e+01 2.494940508555252023e+01 4.935875637857634057e-02
2.368421052631578760e+01 2.527543211707393667e+01 6.426103618931730543e-02
2.578947368421052744e+01 2.532245151601988908e+01 6.685334523310662580e-02
2.789473684210526017e+01 2.546260487827730401e+01 7.536855729968142126e-02
3.000000000000000000e+01 2.569667553210974731e+01 9.263811970945964869e-02
