-1.000000000000000000e+01 2.342121578502181478e+01 1.974551486189433241e-02
-7.894736842105263719e+00 2.391937070380976849e+01 2.493612681499697212e-02
-5.789473684210526550e+00 2.367889547011077767e+01 2.209889443041954116e-02
-3.684210526315789380e+00 2.361618926870233182e+01 2.146747682528735157e-02
-1.578947368421053099e+00 2.393439845313714542e+01 2.513784225984491694e-02
5.263157894736831821e-01 2.386698084106362572e+01 2.425681741107184319e-02
2.631578947368421240e+00 2.404307672588078404e+01 2.669333585557268074e-02
4.736842105263157521e+00 2.372249121722076737e+01 2.256253158792963925e-02
6.842105263157893802e+00 2.390206469847031912e+01 2.470766463967131316e-02
8.947368421052630083e+00 2.389682252635197557e+01 2.463926052396071820e-02
1.105263157894736636e+01 2.432475516009244387e+01 3.163700179350049935e-02
1.315789473684210265e+01 2.422886846784534853e+01 2.979093099705146588e-02
1.526315789473684248e+01 2.458784576580307046e+01 3.774650344171627536e-02
1.736842105263157876e+01 2.469199230216661078e+01 4.066079397583809846e-02
1.947368421052631504e+01 2.489899298928708404e+01 4.746910557613531756e-02
2.157894736842105132e+01 2.475228801273033952e+01 4.249649502081796759e-02
2.368421052631578760e+01 2.484440646955395238e+01 4.553060860881660843e-02
2.578947368421052744e+01 2.499376105253476155e+01 5.110448202307601995e-02
2.789473684210526017e+01 2.522651927666178651e+01 6.169426217476001173e-02
3.000000000000000000e+01 2.542847375899464524e+01 7.318033006159023468e-02
