-1.000000000000000000e+01 2.458056455902466197e+01 3.755420691591284527e-02
-7.894736842105263719e+00 2.441473880866682933e+01 3.354329313986829236e-02
-5.789473684210526550e+00 2.480881585982472615e+01 4.432412736548209387e-02
-3.684210526315789380e+00 2.433375994489222194e+01 3.181991290073264006e-02
-1.578947368421053099e+00 2.450214703098679081e+01 3.557205140700625545e-02
5.263157894736831821e-01 2.444255443061429744e+01 3.416920246481634088e-02
2.631578947368421240e+00 2.425146882616803623e+01 3.020977614472955194e-02
4.736842105263157521e+00 2.441301574233704841e+01 3.350510701163787741e-02
6.842105263157893802e+00 2.445397818767574805e+01 3.443149888807172515e-02
8.947368421052630083e+00 2.456823395028286328e+01 3.723182572146092884e-02
1.105263157894736636e+01 2.453568516969382429e+01 3.640024727947684113e-02
1.315789473684210265e+01 2.452542444688369727e+01 3.614382435756537115e-02
1.526315789473684248e+01 2.447248638878199856e+01 3.486306153199507374e-02
1.736842105263157876e+01 2.476314181763676103e+01 4.283921356678787457e-02
1.947368421052631504e+01 2.491216717757758659e+01 4.795350055080928320e-02
2.157894736842105132e+01 2.492939723031220822e+01 4.859702119731700021e-02
2.368421052631578760e+01 2.489973120511371718e+01 4.749607523002259690e-02
2.578947368421052744e+01 2.502572957749111637e+01 5.241303996108866159e-02
2.789473684210526017e+01 2.529829485118425580e+01 6.550585046694240576e-02
3.000000000000000000e+01 2.535489039254350985e+01 6.871636938567857178e-02
