-1.000000000000000000e+01 2.529443282396904280e+01 6.529351128326806031e-02
-7.894736842105263719e+00 2.500245696034901854e+01 5.145617513459070647e-02
-5.789473684210526550e+00 2.497513061519686772e+01 5.036151832341667633e-02
-3.684210526315789380e+00 2.489082647881701860e+01 4.717211757499456537e-02
-1.578947368421053099e+00 2.483093006749967557e+01 4.506856543015926031e-02
5.263157894736831821e-01 2.507611319040113429e+01 5.456483531742320481e-02
2.631578947368421240e+00 2.497260743326874888e+01 5.026198762097809636e-02
4.736842105263157521e+00 2.487261339514779834e+01 4.651869667233617112e-02
6.842105263157893802e+00 2.507442573584204837e+01 5.449094584877310632e-02
8.947368421052630083e+00 2.506572463699739828e+01 5.411197719037227905e-02
1.105263157894736636e+01 2.549787405859048306e+01 7.771200476033209015e-02
1.315789473684210265e+01 2.537010925576215570e+01 6.961209382095248643e-02
1.526315789473684248e+01 2.525676436636357636e+01 6.326613557062718551e-02
1.736842105263157876e+01 2.543578099710409646e+01 7.364236686278116673e-02
1.947368421052631504e+01 2.560909275420095454e+01 8.568465423729640373e-02
2.157894736842105132e+01 2.577194450974851492e+01 9.913598007662746681e-02
2.368421052631578760e+01 2.575142248703016179e+01 9.731412346066818653e-02
2.578947368421052744e+01 2.589567912687352802e+01 1.109752137091946644e-01
2.789473684210526017e+01 2.593342149654403173e+01 1.148971276932994751e-01
3.000000000000000000e+01 2.621236830875075796e+01 1.491312893124830397e-01
