-1.000000000000000000e+01 2.337657649125190673e+01 1.939757663415738256e-02
-7.894736842105263719e+00 2.328057094725404497e+01 1.870131176093961511e-02
-5.789473684210526550e+00 2.327537563846634328e+01 1.866556087009518458e-02
-3.684210526315789380e+00 2.349957682217735666e+01 2.039634081556720296e-02
-1.578947368421053099e+00 2.341337448013700850e+01 1.968323274225800695e-02
5.263157894736831821e-01 2.339972174804915284e+01 1.957598420129815983e-02
2.631578947368421240e+00 2.330840398270069613e+01 1.889613235497019511e-02
4.736842105263157521e+00 2.362798864542134680e+01 2.158319745967433867e-02
6.842105263157893802e+00 2.345806385010583028e+01 2.004502132886843563e-02
8.947368421052630083e+00 2.357887797818266762e+01 2.111066771916476209e-02
1.105263157894736636e+01 2.362204324645317755e+01 2.152471312199320114e-02
1.315789473684210265e+01 2.399088746395495164e+01 2.592462660020991225e-02
1.526315789473684248e+01 2.389111791241948879e+01 2.456524039447454538e-02
1.736842105263157876e+01 2.392274726887103498e+01 2.498117852279784293e-02
1.947368421052631504e+01 2.401408295516396407e+01 2.626118482052501590e-02
2.157894736842105132e+01 2.413667507647201305e+01 2.817981903401907406e-02
2.368421052631578760e+01 2.432745756137163440e+01 3.169171675299672919e-02
2.578947368421052744e+01 2.453739762346827646e+01 3.644330715141336913e-02
2.789473684210526017e+01 2.485828601323131437e+01 4.601322294501843102e-02
3.000000000000000000e+01 2.504859348800365737e+01 5.337569497016397824e-02
