-1.000000000000000000e+01 2.422058592342741079e+01 2.963985735963651016e-02
-7.894736842105263719e+00 2.425091564158303825e+01 3.019940736314846719e-02
-5.789473684210526550e+00 2.414968852560190982e+01 2.839806970402546094e-02
-3.684210526315789380e+00 2.420572718940102774e+01 2.937204184253927597e-02
-1.578947368421053099e+00 2.412137310397853796e+01 2.792690024553049280e-02
5.263157894736831821e-01 2.415492719747037498e+01 2.848675720805568176e-02
2.631578947368421240e+00 2.414855202440601190e+01 2.837889250054695389e-02
4.736842105263157521e+00 2.411158552372696207e+01 2.776720320782626039e-02
6.842105263157893802e+00 2.418839658795534575e+01 2.906480575312317058e-02
8.947368421052630083e+00 2.404292427223789019e+01 2.669102963495101344e-02
1.105263157894736636e+01 2.443211713372420846e+01 3.393223792570514846e-02
1.315789473684210265e+01 2.438075240175368208e+01 3.280246481533344305e-02
1.526315789473684248e+01 2.467076776159854035e+01 4.004125801574578980e-02
1.736842105263157876e+01 2.486557134322793772e+01 4.626931942156932431e-02
1.947368421052631504e+01 2.480628424843872892e+01 4.423998113190827364e-02
2.157894736842105132e+01 2.509697770724063304e+01 5.548912740017537815e-02
2.368421052631578760e+01 2.527177516552999137e+01 6.406462935977105810e-02
2.578947368421052744e+01 2.557505000925052840e+01 8.314666758704873650e-02
2.789473684210526017e+01 2.535420899890258539e+01 6.867659249000107602e-02
3.000000000000000000e+01 2.577398706752115842e+01 9.931942485178725522e-02
