-1.000000000000000000e+01 2.467966018963524988e+01 4.029917756086393021e-02
-7.894736842105263719e+00 2.468252474242584071e+01 4.038276633955041606e-02
-5.789473684210526550e+00 2.453590462275275641e+01 3.640576121465993742e-02
-3.684210526315789380e+00 2.466815015993257632e+01 3.996578483267402421e-02
-1.578947368421053099e+00 2.468933365921668610e+01 4.058244547755839038e-02
5.263157894736831821e-01 2.485901252055745303e+01 4.603867524011920342e-02
2.631578947368421240e+00 2.479388371341026698e+01 4.383096317308682321e-02
4.736842105263157521e+00 2.468081209847077773e+01 4.033276108100411483e-02
6.842105263157893802e+00 2.470815876414536660e+01 4.114185416969560333e-02
8.947368421052630083e+00 2.483431835911800434e+01 4.518413157652484413e-02
1.105263157894736636e+01 2.483769820506996240e+01 4.529981202640236126e-02
1.315789473684210265e+01 2.503120237966834694e+01 5.264140634387985684e-02
1.526315789473684248e+01 2.521114079827924215e+01 6.091360102063220205e-02
1.736842105263157876e+01 2.537309439360500107e+01 6.978944021343017057e-02
1.947368421052631504e+01 2.550631385559998776e+01 7.828551578440319514e-02
2.157894736842105132e+01 2.578972435785165374e+01 1.007458231976172819e-01
2.368421052631578760e+01 2.580499232338780402e+01 1.021519480555877907e-01
2.578947368421052744e+01 2.584909533627151390e+01 1.063400565123189395e-01
2.789473684210526017e+01 2.609404261589467566e+01 1.334021213068274925e-01
3.000000000000000000e+01 2.607104161449521484e+01 1.305608196041480873e-01
