-1.000000000000000000e+01 2.372641151283569982e+01 2.260525248389329972e-02
-7.894736842105263719e+00 2.338784643530596341e+01 1.948391625093395113e-02
-5.789473684210526550e+00 2.297921608317319553e+01 1.691367666368744083e-02
-3.684210526315789380e+00 2.283877234604324613e+01 1.625212506880054780e-02
-1.578947368421053099e+00 2.300348348279921495e+01 1.703799738456206886e-02
5.263157894736831821e-01 2.265542248639569678e+01 1.552062418272520845e-02
2.631578947368421240e+00 2.291222069202932232e+01 1.658615837065810159e-02
4.736842105263157521e+00 2.264161506822031455e+01 1.547092771993193588e-02
6.842105263157893802e+00 2.260512978338778112e+01 1.534295770306122984e-02
8.947368421052630083e+00 2.267407326689897928e+01 1.558888476664705910e-02
1.105263157894736636e+01 2.267082819052577847e+01 1.557691361777538419e-02
1.315789473684210265e+01 2.278932339083496217e+01 1.604105287125487389e-02
1.526315789473684248e+01 2.319940444450940475e+01 1.816404171649006402e-02
1.736842105263157876e+01 2.317658329125269745e+01 1.802089297285891512e-02
1.947368421052631504e+01 2.355823188666284196e+01 2.091904062053950852e-02
2.157894736842105132e+01 2.381239387623116954e+01 2.358693889739630484e-02
2.368421052631578760e+01 2.385891029250937834e+01 2.415539023372675204e-02
2.578947368421052744e+01 2.392334427229676308e+01 2.498916032854567315e-02
2.789473684210526017e+01 2.427845950385953699e+01 3.072292533080734495e-02
3.000000000000000000e+01 2.444057506178053174e+01 3.412406771375695036e-02
