-1.000000000000000000e+01 2.469769695689746669e+01 4.082963204273366842e-02
-7.894736842105263719e+00 2.418919306339450870e+01 2.907880576966055328e-02
-5.789473684210526550e+00 2.426627324848067602e+01 3.048947259788211891e-02
-3.684210526315789380e+00 2.447808901325624120e+01 3.499532985730666179e-02
-1.578947368421053099e+00 2.425733434454802406e+01 3.032008231282600982e-02
5.263157894736831821e-01 2.408328887949374675e+01 2.731445665973631851e-02
2.631578947368421240e+00 2.406655818512569667e+01 2.705290527687554195e-02
4.736842105263157521e+00 2.430126183063332590e+01 3.116769758851264602e-02
6.842105263157893802e+00 2.440830391564466240e+01 3.340103005110595102e-02
8.947368421052630083e+00 2.428031707399415495e+01 3.075876888188394664e-02
1.105263157894736636e+01 2.425695677488282342e+01 3.031296170896050426e-02
1.315789473684210265e+01 2.438456688404188810e+01 3.288432641750624330e-02
1.526315789473684248e+01 2.453845976601246548e+01 3.647005303737604204e-02
1.736842105263157876e+01 2.468875877233099914e+01 4.056553211404102105e-02
1.947368421052631504e+01 2.486933296804815186e+01 4.640230329328223768e-02
2.157894736842105132e+01 2.501116125287502001e+01 5.181137495321730402e-02
2.368421052631578760e+01 2.525166182433626005e+01 6.299750615059822312e-02
2.578947368421052744e+01 2.543527377283389868e+01 7.361018266739065286e-02
2.789473684210526017e+01 2.549879911445786007e+01 7.777462233505932909e-02
3.000000000000000000e+01 2.548470721866011246e+01 7.682716935154582094e-02
