-1.000000000000000000e+01 2.537485029377290502e+01 6.989401275748548248e-02
-7.894736842105263719e+00 2.548011278903627996e+01 7.652122772358110891e-02
-5.789473684210526550e+00 2.515133231236081457e+01 5.799237026255316119e-02
-3.684210526315789380e+00 2.518638384974105549e+01 5.968253853200190806e-02
-1.578947368421053099e+00 2.480206072747290236e+01 4.410008612661189820e-02
5.263157894736831821e-01 2.498219549097966663e+01 5.064158249790035038e-02
2.631578947368421240e+00 2.520085129232595378e+01 6.039813220468925881e-02
4.736842105263157521e+00 2.517792383544750479e+01 5.926899895357620740e-02
6.842105263157893802e+00 2.508124202717374374e+01 5.479020410286145060e-02
8.947368421052630083e+00 2.513270831923514237e+01 5.711883983249747831e-02
1.105263157894736636e+01 2.491955430167455532e+01 4.822800282881739564e-02
1.315789473684210265e+01 2.522101736694638063e+01 6.141354634747082930e-02
1.526315789473684248e+01 2.530820896912757334e+01 6.605482291824026075e-02
1.736842105263157876e+01 2.543824097834870201e+01 7.379869528411715784e-02
1.947368421052631504e+01 2.562592373897993880e+01 8.697270147524917283e-02
2.157894736842105132e+01 2.570289749715517402e+01 9.315636638764028532e-02
2.368421052631578760e+01 2.577998658481673999e+01 9.986048551056211919e-02
2.578947368421052744e+01 2.590839665917601664e+01 1.122797389836369814e-01
2.789473684210526017e+01 2.596214442626473584e+01 1.179856189935388072e-01
3.000000000000000000e+01 2.597130306816728762e+01 1.189897815719172108e-01
