-1.000000000000000000e+01 2.375688180877467559e+01 2.294324317419575709e-02
-7.894736842105263719e+00 2.354040398737785367e+01 2.075681658870088403e-02
-5.789473684210526550e+00 2.350405108484974193e+01 2.043511020798706446e-02
-3.684210526315789380e+00 2.357929608865217830e+01 2.111459065728944762e-02
-1.578947368421053099e+00 2.338294127229015373e+01 1.944621438383691003e-02
5.263157894736831821e-01 2.345061445376900267e+01 1.998355170709442685e-02
2.631578947368421240e+00 2.330400384757706789e+01 1.886496033690351903e-02
4.736842105263157521e+00 2.331674938863944391e+01 1.895564331722135107e-02
6.842105263157893802e+00 2.342638776037900072e+01 1.978687103276187756e-02
8.947368421052630083e+00 2.315264361040050289e+01 1.787429952089462926e-02
1.105263157894736636e+01 2.334075811417429591e+01 1.912972859279166160e-02
1.315789473684210265e+01 2.354402716974319176e+01 2.078954489198120079e-02
1.526315789473684248e+01 2.364348275180289605e+01 2.173730449184614610e-02
1.736842105263157876e+01 2.393107607282160387e+01 2.509297727663343733e-02
1.947368421052631504e+01 2.402326062888433000e+01 2.639658476844514851e-02
2.157894736842105132e+01 2.427020505615856649e+01 3.056447460405147323e-02
2.368421052631578760e+01 2.421411321627217461e+01 2.952268871827893465e-02
2.578947368421052744e+01 2.454583722723349481e+01 3.665663474340784961e-02
2.789473684210526017e+01 2.450821046253748747e+01 3.571967267938832430e-02
3.000000000000000000e+01 2.479154626926641214e+01 4.375444840833925264e-02
