-1.000000000000000000e+01 2.513449955734185792e+01 5.720212899835505627e-02
-7.894736842105263719e+00 2.502499792421487257e+01 5.238260729547929151e-02
-5.789473684210526550e+00 2.518254079473040719e+01 5.949423704459419482e-02
-3.684210526315789380e+00 2.478399145944419857e+01 4.350840211228446108e-02
-1.578947368421053099e+00 2.500520003361708987e+01 5.156776957341956125e-02
5.263157894736831821e-01 2.488732635022118700e+01 4.704559240750172400e-02
2.631578947368421240e+00 2.491058819958516679e+01 4.789509676444712871e-02
4.736842105263157521e+00 2.484425625619619993e+01 4.552542307906359831e-02
6.842105263157893802e+00 2.490872028766329649e+01 4.782612827921776943e-02
8.947368421052630083e+00 2.498729268057888575e+01 5.084491300292548477e-02
1.105263157894736636e+01 2.511765871966924024e+01 5.642509595598964312e-02
1.315789473684210265e+01 2.509353719086207590e+01 5.533534308346409192e-02
1.526315789473684248e+01 2.512451663068953422e+01 5.673989335244694621e-02
1.736842105263157876e+01 2.535074641368743187e+01 6.847489198071943228e-02
1.947368421052631504e+01 2.549936609585318692e+01 7.781303112870924243e-02
2.157894736842105132e+01 2.561388281162141212e+01 8.604895987333745222e-02
2.368421052631578760e+01 2.556178787395025509e+01 8.218176608943231209e-02
2.578947368421052744e+01 2.577080309834732219e+01 9.903363633743705874e-02
2.789473684210526017e+01 2.583283083659912904e+01 1.047733695181985725e-01
3.000000000000000000e+01 2.579825660711979651e+01 1.015288871095013923e-01
