-1.000000000000000000e+01 2.406407855858896738e+01 2.701452314848047653e-02
-7.894736842105263719e+00 2.390061728375579975e+01 2.468874068577711633e-02
-5.789473684210526550e+00 2.401536891105214622e+01 2.628007977927886846e-02
-3.684210526315789380e+00 2.374472813611945199e+01 2.280715642605264659e-02
-1.578947368421053099e+00 2.373022678260971929e+01 2.264699477495314694e-02
5.263157894736831821e-01 2.410735214018245642e+01 2.769862709649732399e-02
2.631578947368421240e+00 2.387787285182716346e+01 2.439504667753809863e-02
4.736842105263157521e+00 2.369234067399359844e+01 2.223967006120469020e-02
6.842105263157893802e+00 2.359289871811395756e+01 2.124314346696640904e-02
8.947368421052630083e+00 2.395503307884357369e+01 2.541995259719210046e-02
1.105263157894736636e+01 2.396408645674044635e+01 2.554563198953760383e-02
1.315789473684210265e+01 2.442149233516678919e+01 3.369361780503879467e-02
1.526315789473684248e+01 2.436814573706407572e+01 3.253419229763616916e-02
1.736842105263157876e+01 2.439858806915578526e+01 3.318800945445023187e-02
1.947368421052631504e+01 2.494608969586646552e+01 4.923144633222152622e-02
2.157894736842105132e+01 2.482480257886430053e+01 4.486059320624907754e-02
2.368421052631578760e+01 2.504845479905905492e+01 5.336978707389478105e-02
2.578947368421052744e+01 2.527974800549112899e+01 6.449378648844836248e-02
2.789473684210526017e+01 2.555765517565120959e+01 8.188376965928162443e-02
3.000000000000000000e+01 2.532133937493343367e+01 6.679056960018432687e-02
