-1.000000000000000000e+01 2.490722531790619598e+01 4.777102533468474688e-02
-7.894736842105263719e+00 2.479156851003144624e+01 4.375517557840372107e-02
-5.789473684210526550e+00 2.459699309708442172e+01 3.799013646001336841e-02
-3.684210526315789380e+00 2.459353389102514598e+01 3.789773293466888737e-02
-1.578947368421053099e+00 2.474202454043793153e+01 4.217592102494329559e-02
5.263157894736831821e-01 2.465940687885150240e+01 3.971515957944980746e-02
2.631578947368421240e+00 2.459338638421470336e+01 3.789379999245497121e-02
4.736842105263157521e+00 2.444831456493173150e+01 3.430107303564258747e-02
6.842105263157893802e+00 2.467743232354915861e+01 4.023433776903849457e-02
8.947368421052630083e+00 2.472440828673977364e+01 4.163352294526225655e-02
1.105263157894736636e+01 2.487579591747222096e+01 4.663199260321350403e-02
1.315789473684210265e+01 2.485854298996091316e+01 4.602222363417875217e-02
1.526315789473684248e+01 2.511161786641062577e+01 5.614963916934123667e-02
1.736842105263157876e+01 2.527240855958213572e+01 6.409859463259387491e-02
1.947368421052631504e+01 2.533749416078078553e+01 6.770953809434049342e-02
2.157894736842105132e+01 2.555448949982959661e+01 8.165635843274866856e-02
2.368421052631578760e+01 2.561364859430823060e+01 8.603110477212308482e-02
2.578947368421052744e+01 2.576318437719944043e+01 9.835358193119539405e-02
2.789473684210526017e+01 2.598941049928685487e+01 1.210031840477401865e-01
3.000000000000000000e+01 2.603142071856787254e+01 1.258215226447981505e-01
