-1.000000000000000000e+01 2.245297618700549691e+01 1.485821029432178239e-02
-7.894736842105263719e+00 2.257322114460306040e+01 1.523491353913828186e-02
-5.789473684210526550e+00 2.226167522020023881e+01 1.434721253263622140e-02
-3.684210526315789380e+00 2.198150143151580238e+01 1.375901869654681635e-02
-1.578947368421053099e+00 2.242483149786385965e+01 1.477657273861359387e-02
5.263157894736831821e-01 2.223791812862670270e+01 1.429049443561798347e-02
2.631578947368421240e+00 2.199070199096583167e+01 1.377576118821745126e-02
4.736842105263157521e+00 2.198606099830780281e+01 1.376729603253172736e-02
6.842105263157893802e+00 2.236292101736828641e+01 1.460510532555558960e-02
8.947368421052630083e+00 2.262296223878819035e+01 1.540490349584636848e-02
1.105263157894736636e+01 2.260842022221449810e+01 1.535430251517569573e-02
1.315789473684210265e+01 2.275773076803029582e+01 1.591171889246805957e-02
1.526315789473684248e+01 2.303717927316965941e+01 1.721585225475361774e-02
1.736842105263157876e+01 2.306972034493552570e+01 1.739356954069662051e-02
1.947368421052631504e+01 2.342973691561629934e+01 1.981376928117770456e-02
2.157894736842105132e+01 2.346537869683050559e+01 2.010584121840401639e-02
2.368421052631578760e+01 2.380661505624360430e+01 2.351820147776596120e-02
2.578947368421052744e+01 2.359223097015753368e+01 2.123679074717313778e-02
2.789473684210526017e+01 2.397296986560839116e+01 2.567009586101114821e-02
3.000000000000000000e+01 2.420019742665792961e+01 2.927341427171121710e-02
