-1.000000000000000000e+01 2.458880424796695863e+01 3.777192448271225744e-02
-7.894736842105263719e+00 2.399538938373759578e+01 2.598932074230243111e-02
-5.789473684210526550e+00 2.399992812879395743e+01 2.605484834866225730e-02
-3.684210526315789380e+00 2.419761249514833779e+01 2.922750227873268866e-02
-1.578947368421053099e+00 2.444055354611687392e+01 3.412357760592872602e-02
5.263157894736831821e-01 2.424886898358167286e+01 3.016109651749600273e-02
2.631578947368421240e+00 2.444997871244756382e+01 3.433931731015099631e-02
4.736842105263157521e+00 2.421041215804963187e+01 2.945604239872083238e-02
6.842105263157893802e+00 2.445140042730455576e+01 3.437204211213375216e-02
8.947368421052630083e+00 2.434674866696979478e+01 3.208675363809594672e-02
1.105263157894736636e+01 2.439580669404652369e+01 3.312741892641517250e-02
1.315789473684210265e+01 2.455185530403441163e+01 3.680988967623834152e-02
1.526315789473684248e+01 2.476176360176701152e+01 4.279548259167234581e-02
1.736842105263157876e+01 2.466557668975337947e+01 3.989178212177676985e-02
1.947368421052631504e+01 2.479888330324626722e+01 4.399524108107691345e-02
2.157894736842105132e+01 2.499963414251845251e+01 5.134166508866623568e-02
2.368421052631578760e+01 2.507541243489395910e+01 5.453413537674157985e-02
2.578947368421052744e+01 2.531063142460940796e+01 6.618981512611636642e-02
2.789473684210526017e+01 2.528327603620915198e+01 6.468481844108918410e-02
3.000000000000000000e+01 2.538587134102917275e+01 7.055470566725587089e-02
