-1.000000000000000000e+01 2.359690566619605079e+01 2.128135604256820718e-02
-7.894736842105263719e+00 2.345384056618516411e+01 2.001011450718998691e-02
-5.789473684210526550e+00 2.335497615648542435e+01 1.923486963030171179e-02
-3.684210526315789380e+00 2.329700805207775005e+01 1.881568964193799237e-02
-1.578947368421053099e+00 2.306273317159391922e+01 1.735490674313057424e-02
5.263157894736831821e-01 2.330859744471318606e+01 1.889750614787257671e-02
2.631578947368421240e+00 2.319621566486411268e+01 1.814383693986634100e-02
4.736842105263157521e+00 2.326350551702733682e+01 1.858459213068051896e-02
6.842105263157893802e+00 2.317006649967289178e+01 1.798062912652825807e-02
8.947368421052630083e+00 2.335484520254454566e+01 1.923389419891006341e-02
1.105263157894736636e+01 2.335409317965105558e+01 1.922829518156504713e-02
1.315789473684210265e+01 2.369876474527148957e+01 2.230762329320743614e-02
1.526315789473684248e+01 2.402490619478712119e+01 2.642099767275117583e-02
1.736842105263157876e+01 2.384773628987815997e+01 2.401634422661655041e-02
1.947368421052631504e+01 2.377287983832742668e+01 2.312499174409759356e-02
2.157894736842105132e+01 2.385931059434251722e+01 2.416040121420849618e-02
2.368421052631578760e+01 2.452452525221850976e+01 3.612148166635999191e-02
2.578947368421052744e+01 2.447443032356988013e+01 3.490886807284907661e-02
2.789473684210526017e+01 2.450717531347979872e+01 3.569440549265841950e-02
3.000000000000000000e+01 2.453262245814753229e+01 3.632342406600312656e-02
