-1.000000000000000000e+01 2.539592671150764858e+01 7.116408358464133832e-02
-7.894736842105263719e+00 2.530370326595169317e+01 6.580463475427489328e-02
-5.789473684210526550e+00 2.506536300141997486e+01 5.409629984036505579e-02
-3.684210526315789380e+00 2.514519089296613785e+01 5.770246312804720723e-02
-1.578947368421053099e+00 2.501448677746651228e+01 5.194792372384181289e-02
5.263157894736831821e-01 2.518936181084045600e+01 5.982896550772666411e-02
2.631578947368421240e+00 2.507122320118758196e+01 5.435106729356341260e-02
4.736842105263157521e+00 2.534621707744542718e+01 6.821213490221819664e-02
6.842105263157893802e+00 2.511874908306261034e+01 5.647499821045182111e-02
8.947368421052630083e+00 2.521560785590791909e+01 6.113909089224556226e-02
1.105263157894736636e+01 2.540350780567712619e+01 7.162770430083927053e-02
1.315789473684210265e+01 2.546245251653997244e+01 7.535861716209812933e-02
1.526315789473684248e+01 2.548953412739716029e+01 7.715015447025341810e-02
1.736842105263157876e+01 2.545042055208188359e+01 7.457855064528699784e-02
1.947368421052631504e+01 2.556247545293157231e+01 8.223146848786538898e-02
2.157894736842105132e+01 2.528997124228177995e+01 6.504925667064889727e-02
2.368421052631578760e+01 2.569915774228531546e+01 9.284447269495503530e-02
2.578947368421052744e+01 2.568603089287560337e+01 9.175915726493981406e-02
2.789473684210526017e+01 2.581268811423646170e+01 1.028691258751460585e-01
3.000000000000000000e+01 2.614988678699665314e+01 1.405871127741999127e-01
