-1.000000000000000000e+01 2.437279320368448410e+01 3.263268637549059797e-02
-7.894736842105263719e+00 2.440159193756321088e+01 3.325364204713841115e-02
-5.789473684210526550e+00 2.417481163909546638e+01 2.882777630138901037e-02
-3.684210526315789380e+00 2.398888236190409273e+01 2.589590897377618689e-02
-1.578947368421053099e+00 2.394466203160969897e+01 2.527741362169126649e-02
5.263157894736831821e-01 2.401384879418121443e+01 2.625774691045494949e-02
2.631578947368421240e+00 2.390175510696399996e+01 2.470361457190280510e-02
4.736842105263157521e+00 2.439263140290755416e+01 3.305845896903870929e-02
6.842105263157893802e+00 2.414959804141968291e+01 2.839654206097817421e-02
8.947368421052630083e+00 2.394594544290554339e+01 2.529497032789691791e-02
1.105263157894736636e+01 2.429078967411989254e+01 3.096213525137881881e-02
1.315789473684210265e+01 2.447293857324229549e+01 3.487370854649644858e-02
1.526315789473684248e+01 2.433689073430910810e+01 3.188390590357700893e-02
1.736842105263157876e+01 2.460613792601426297e+01 3.823600732306048355e-02
1.947368421052631504e+01 2.488033165610068309e+01 4.679410518235131711e-02
2.157894736842105132e+01 2.479206499124444107e+01 4.377141255143426890e-02
2.368421052631578760e+01 2.510915688410955227e+01 5.603791110747546877e-02
2.578947368421052744e+01 2.522599038782876235e+01 6.166720832179324596e-02
2.789473684210526017e+01 2.509490214102049421e+01 5.539628848834812769e-02
3.000000000000000000e+01 2.526663533146160034e+01 6.378982732023666391e-02
