-1.000000000000000000e+01 2.384999863190891034e+01 2.404436713839178813e-02
-7.894736842105263719e+00 2.374916444160755447e+01 2.285663325401791207e-02
-5.789473684210526550e+00 2.390085832213911488e+01 2.469189014031825460e-02
-3.684210526315789380e+00 2.350220131637918897e+01 2.041906034408164788e-02
-1.578947368421053099e+00 2.379252082269596613e+01 2.335225979314188918e-02
5.263157894736831821e-01 2.389890448558492153e+01 2.466638342733205869e-02
2.631578947368421240e+00 2.378214382293976925e+01 2.323161381793234503e-02
4.736842105263157521e+00 2.379841086604386291e+01 2.342131478716934223e-02
6.842105263157893802e+00 2.378141234163996387e+01 2.322315794241363446e-02
8.947368421052630083e+00 2.374257676253510141e+01 2.278324403081157662e-02
1.105263157894736636e+01 2.389383630062030051e+01 2.460045857528098123e-02
1.315789473684210265e+01 2.408508090799373846e+01 2.734273956059329880e-02
1.526315789473684248e+01 2.414606056832538172e+01 2.833693036577383112e-02
1.736842105263157876e+01 2.463340943040244824e+01 3.898313558811164481e-02
1.947368421052631504e+01 2.451159397505167448e+01 3.580244972175231077e-02
2.157894736842105132e+01 2.482461325073044023e+01 4.485418812049823956e-02
2.368421052631578760e+01 2.470772900597423671e+01 4.112896212014075653e-02
2.578947368421052744e+01 2.491158828619750665e+01 4.793207729041643050e-02
2.789473684210526017e+01 2.491848057242930992e+01 4.818797372582918348e-02
3.000000000000000000e+01 2.522807169266844340e+01 6.177375688248683272e-02
