-1.000000000000000000e+01 2.374202976663645259e+01 2.277717264352666776e-02
-7.894736842105263719e+00 2.357064700729981155e+01 2.103378317845763790e-02
-5.789473684210526550e+00 2.363103293753017198e+01 2.161328275648901481e-02
-3.684210526315789380e+00 2.365155536868252639e+01 2.181857555379251162e-02
-1.578947368421053099e+00 2.379905221342865218e+01 2.342885927137156737e-02
5.263157894736831821e-01 2.341237268890764867e+01 1.967531185233005811e-02
2.631578947368421240e+00 2.395266741091611706e+01 2.538730489038702742e-02
4.736842105263157521e+00 2.383203899295638450e+01 2.382369418864062338e-02
6.842105263157893802e+00 2.368710879380818213e+01 2.218465884285045903e-02
8.947368421052630083e+00 2.380119050578963780e+01 2.345404907945543987e-02
1.105263157894736636e+01 2.396599496892515901e+01 2.557227588412368940e-02
1.315789473684210265e+01 2.425133724469604957e+01 3.020730927251640344e-02
1.526315789473684248e+01 2.419257567963154543e+01 2.913839166293259383e-02
1.736842105263157876e+01 2.433482595131827608e+01 3.184167880160514164e-02
1.947368421052631504e+01 2.449540889028419954e+01 3.540908107763081347e-02
2.157894736842105132e+01 2.468771593574841106e+01 4.053487705443946376e-02
2.368421052631578760e+01 2.471185107053180730e+01 4.125285274894477383e-02
2.578947368421052744e+01 2.509902787684260161e+01 5.558102531627631682e-02
2.789473684210526017e+01 2.520579357364692186e+01 6.064504195883997639e-02
3.000000000000000000e+01 2.513605284573722898e+01 5.727447841623033165e-02
