-1.000000000000000000e+01 2.423534675808881289e+01 2.990999624366633830e-02
-7.894736842105263719e+00 2.420418035772130594e+01 2.934439631665300072e-02
-5.789473684210526550e+00 2.392757834182479471e+01 2.504590992530366517e-02
-3.684210526315789380e+00 2.408707821517709391e+01 2.737432385168932572e-02
-1.578947368421053099e+00 2.408670126197325345e+01 2.736835795247980971e-02
5.263157894736831821e-01 2.390719441320030469e+01 2.477495968418489194e-02
2.631578947368421240e+00 2.398923521735202868e+01 2.590095836946993899e-02
4.736842105263157521e+00 2.403537707475027574e+01 2.657731185542213520e-02
6.842105263157893802e+00 2.390687195280774446e+01 2.477071895491901599e-02
8.947368421052630083e+00 2.413201238143683014e+01 2.810232909278222516e-02
1.105263157894736636e+01 2.422975365374039214e+01 2.980715312447759432e-02
1.315789473684210265e+01 2.442833165028027054e+01 3.384692104984089733e-02
1.526315789473684248e+01 2.454814615807287126e+01 3.671532118552359170e-02
1.736842105263157876e+01 2.466057826609252857e+01 3.974860652944751938e-02
1.947368421052631504e+01 2.483418586431309194e+01 4.517960493181996662e-02
2.157894736842105132e+01 2.498711725605567580e+01 5.083789744909267272e-02
2.368421052631578760e+01 2.511572085758934847e+01 5.633654469093432593e-02
2.578947368421052744e+01 2.502076117959520474e+01 5.220683255573839443e-02
2.789473684210526017e+01 2.558530783197108605e+01 8.390207619421784224e-02
3.000000000000000000e+01 2.550911061317531292e+01 7.847666637033311188e-02
