-1.000000000000000000e+01 2.431878563835372375e+01 3.151667635145803670e-02
-7.894736842105263719e+00 2.430243191141319770e+01 3.119080355559596465e-02
-5.789473684210526550e+00 2.406142649270216083e+01 2.697358013862254100e-02
-3.684210526315789380e+00 2.401250147280742198e+01 2.623798187367139267e-02
-1.578947368421053099e+00 2.401900435398545497e+01 2.633363203291850391e-02
5.263157894736831821e-01 2.406787767514354215e+01 2.707336963869176605e-02
2.631578947368421240e+00 2.424007498771513625e+01 2.999739964639181258e-02
4.736842105263157521e+00 2.422490448264136731e+01 2.971846713748310317e-02
6.842105263157893802e+00 2.411695721515033242e+01 2.785465002293530806e-02
8.947368421052630083e+00 2.425461291079525594e+01 3.026882054276295100e-02
1.105263157894736636e+01 2.435172058981647325e+01 3.218984515969915833e-02
1.315789473684210265e+01 2.439868853125799220e+01 3.319020120742822988e-02
1.526315789473684248e+01 2.472785712746526343e+01 4.173893844309685408e-02
1.736842105263157876e+01 2.439585001718839408e+01 3.312836136443710056e-02
1.947368421052631504e+01 2.447279123313998994e+01 3.487023877134457633e-02
2.157894736842105132e+01 2.477742303207282859e+01 4.329603035004538081e-02
2.368421052631578760e+01 2.483331701112396317e+01 4.514993612427380121e-02
2.578947368421052744e+01 2.519850771594204986e+01 6.028148869744606730e-02
2.789473684210526017e+01 2.525069369859681601e+01 6.294669710988996802e-02
3.000000000000000000e+01 2.511817954622292959e+01 5.644892544161196624e-02
