-1.000000000000000000e+01 2.304988402757425092e+01 1.728452934590913800e-02
-7.894736842105263719e+00 2.275055484150883345e+01 1.588292376893441979e-02
-5.789473684210526550e+00 2.243623555060868924e+01 1.480936695050909940e-02
-3.684210526315789380e+00 2.230464954346852835e+01 1.445340208011996856e-02
-1.578947368421053099e+00 2.212086739896800935e+01 1.403043488862474979e-02
5.263157894736831821e-01 2.218603816111471261e+01 1.417135431918029910e-02
2.631578947368421240e+00 2.217331361734936479e+01 1.414309199940226233e-02
4.736842105263157521e+00 2.223001187409885304e+01 1.427192450490505186e-02
6.842105263157893802e+00 2.230600660792959289e+01 1.445683251656044305e-02
8.947368421052630083e+00 2.216100739238016715e+01 1.411610877278319208e-02
1.105263157894736636e+01 2.239407027396278238e+01 1.469001020122500355e-02
1.315789473684210265e+01 2.256782260350134095e+01 1.521698233839671732e-02
1.526315789473684248e+01 2.301933717432287096e+01 1.712090882107140596e-02
1.736842105263157876e+01 2.310257410987696503e+01 1.757913804639004568e-02
1.947368421052631504e+01 2.354418717438014141e+01 2.079099303500237667e-02
2.157894736842105132e+01 2.346412144707993264e+01 2.009535508664756637e-02
2.368421052631578760e+01 2.359430791918644132e+01 2.125656445499713235e-02
2.578947368421052744e+01 2.361223429162216547e+01 2.142900250145256952e-02
2.789473684210526017e+01 2.385567694744721479e+01 2.411499082793267315e-02
3.000000000000000000e+01 2.413573391912767363e+01 2.816414783544927969e-02
