-1.000000000000000000e+01 2.368424316970731169e+01 2.215465327187885608e-02
-7.894736842105263719e+00 2.321218462478474365e+01 1.824568863281547659e-02
-5.789473684210526550e+00 2.316837504652200508e+01 1.797022260826861700e-02
-3.684210526315789380e+00 2.308919527998221710e+01 1.750281175313813872e-02
-1.578947368421053099e+00 2.287132125560843221e+01 1.639704121439964149e-02
5.263157894736831821e-01 2.289113250579266179e+01 1.648765328443755132e-02
2.631578947368421240e+00 2.266505803293186005e+01 1.555572593785280178e-02
4.736842105263157521e+00 2.292798983659277567e+01 1.666122800952978336e-02
6.842105263157893802e+00 2.294866680514038038e+01 1.676152665701485800e-02
8.947368421052630083e+00 2.295494950719505312e+01 1.679242782154198935e-02
1.105263157894736636e+01 2.287233074093446916e+01 1.640161381206426544e-02
1.315789473684210265e+01 2.327219877180375462e+01 1.864379368235190987e-02
1.526315789473684248e+01 2.313393077517899954e+01 1.776220217644718796e-02
1.736842105263157876e+01 2.321127415284359685e+01 1.823983642050431425e-02
1.947368421052631504e+01 2.326462113466225290e+01 1.859215994427106805e-02
2.157894736842105132e+01 2.344695116158372983e+01 1.995349609006586561e-02
2.368421052631578760e+01 2.376861480512769376e+01 2.307624499986841299e-02
2.578947368421052744e+01 2.380326580528330638e+01 2.347854989947294885e-02
2.789473684210526017e+01 2.408592951948640959e+01 2.735615108955671837e-02
3.000000000000000000e+01 2.404739738752967781e+01 2.675884678413942633e-02
