-1.000000000000000000e+01 2.484923826787034784e+01 4.569783610802755081e-02
-7.894736842105263719e+00 2.442090231102517350e+01 3.368044292771241871e-02
-5.789473684210526550e+00 2.460816407163238750e+01 3.829079693250712901e-02
-3.684210526315789380e+00 2.456573838560546363e+01 3.716707622521246701e-02
-1.578947368421053099e+00 2.474755607745335695e+01 4.234827464280616072e-02
5.263157894736831821e-01 2.458463479385101635e+01 3.766152401731694827e-02
2.631578947368421240e+00 2.461090001113665693e+01 3.836496189943613966e-02
4.736842105263157521e+00 2.442954312968378261e+01 3.387418908767915460e-02
6.842105263157893802e+00 2.479923437029066946e+01 4.400680834561020160e-02
8.947368421052630083e+00 2.458385251394273041e+01 3.764086324956102125e-02
1.105263157894736636e+01 2.503943653305087480e+01 5.298743071584299802e-02
1.315789473684210265e+01 2.510867832592628091e+01 5.601621752933616527e-02
1.526315789473684248e+01 2.507898903931739554e+01 5.469105784897147771e-02
1.736842105263157876e+01 2.522350309237819843e+01 6.154017493954451468e-02
1.947368421052631504e+01 2.537865038736731549e+01 7.012097549865319024e-02
2.157894736842105132e+01 2.559010535117203489e+01 8.425812369596326346e-02
2.368421052631578760e+01 2.556163183360487423e+01 8.217049144036435437e-02
2.578947368421052744e+01 2.571709315705563625e+01 9.435126930570779391e-02
2.789473684210526017e+01 2.557604595304476547e+01 8.321966186354713690e-02
3.000000000000000000e+01 2.602648324140451663e+01 1.252443539508982795e-01
