-1.000000000000000000e+01 2.471332141717186204e+01 4.129717210716093989e-02
-7.894736842105263719e+00 2.449916669007128789e+01 3.549982868085822807e-02
-5.789473684210526550e+00 2.463611714506170003e+01 3.905846725283577958e-02
-3.684210526315789380e+00 2.427393877216687557e+01 3.063597948973429547e-02
-1.578947368421053099e+00 2.455435092964214761e+01 3.687372176846125116e-02
5.263157894736831821e-01 2.454406709057900571e+01 3.661173729958402956e-02
2.631578947368421240e+00 2.453833668844237437e+01 3.646695231394574827e-02
4.736842105263157521e+00 2.444419928442264478e+01 3.420677944755031591e-02
6.842105263157893802e+00 2.442481865649565265e+01 3.376804245782095981e-02
8.947368421052630083e+00 2.446385007235355147e+01 3.466066168157186378e-02
1.105263157894736636e+01 2.465867974234043203e+01 3.969441772905884375e-02
1.315789473684210265e+01 2.485004196522520203e+01 4.572573268900435861e-02
1.526315789473684248e+01 2.495567690552002560e+01 4.960078443889780198e-02
1.736842105263157876e+01 2.505958475523994267e+01 5.384659587734687280e-02
1.947368421052631504e+01 2.511742811031213307e+01 5.641454891909153391e-02
2.157894736842105132e+01 2.507195136632427435e+01 5.438283119049169834e-02
2.368421052631578760e+01 2.541861492704742531e+01 7.256243938786444136e-02
2.578947368421052744e+01 2.553220602667465400e+01 8.007639228864675551e-02
2.789473684210526017e+01 2.561035523230809474e+01 8.578049713242201502e-02
3.000000000000000000e+01 2.551368890048376059e+01 7.879077004050712152e-02
