-1.000000000000000000e+01 2.460161797162628972e+01 3.811419300316534753e-02
-7.894736842105263719e+00 2.442711640634884773e+01 3.381960243031183200e-02
-5.789473684210526550e+00 2.451468631897755657e+01 3.587835600676260450e-02
-3.684210526315789380e+00 2.448297360043701687e+01 3.511127078796091872e-02
-1.578947368421053099e+00 2.441335125612553014e+01 3.351253726667936805e-02
5.263157894736831821e-01 2.420361879371660763e+01 2.933437073387231211e-02
2.631578947368421240e+00 2.450914938264192600e+01 3.574261429474227814e-02
4.736842105263157521e+00 2.452332794914765657e+01 3.609176383341038130e-02
6.842105263157893802e+00 2.421804641818625825e+01 2.959379425029433353e-02
8.947368421052630083e+00 2.431269200822727328e+01 3.139460971477492368e-02
1.105263157894736636e+01 2.441174783565434581e+01 3.347705124267373600e-02
1.315789473684210265e+01 2.436313662163009397e+01 3.242856019194431672e-02
1.526315789473684248e+01 2.466291307659596654e+01 3.981539348709933063e-02
1.736842105263157876e+01 2.451852873982062775e+01 3.597301141750851999e-02
1.947368421052631504e+01 2.477409429465510726e+01 4.318895204377934394e-02
2.157894736842105132e+01 2.486837244859538743e+01 4.636829728353737690e-02
2.368421052631578760e+01 2.510213195012773113e+01 5.572053370548479823e-02
2.578947368421052744e+01 2.548863539348873530e+01 7.708989540661588535e-02
2.789473684210526017e+01 2.547133016826323981e+01 7.594040801116345996e-02
3.000000000000000000e+01 2.555051756187660672e+01 8.137207457078121653e-02
