-1.000000000000000000e+01 2.260770399395543961e+01 1.535182982171385060e-02
-7.894736842105263719e+00 2.253658739164430713e+01 1.511516891635709264e-02
-5.789473684210526550e+00 2.229962738711625647e+01 1.444074850296166342e-02
-3.684210526315789380e+00 2.239493996327953695e+01 1.469242004697567799e-02
-1.578947368421053099e+00 2.200867936394532975e+01 1.380893635201780462e-02
5.263157894736831821e-01 2.216475144126176389e+01 1.412428200017182972e-02
2.631578947368421240e+00 2.238952094902932544e+01 1.467743946042054937e-02
4.736842105263157521e+00 2.241355690776198628e+01 1.474452715260042741e-02
6.842105263157893802e+00 2.262386847650696708e+01 1.540808202571690953e-02
8.947368421052630083e+00 2.296665068795724096e+01 1.685051506378774933e-02
1.105263157894736636e+01 2.287775589394302855e+01 1.642626933205426631e-02
1.315789473684210265e+01 2.335575006105450058e+01 1.924063686844530371e-02
1.526315789473684248e+01 2.334231310769833456e+01 1.914115279856537163e-02
1.736842105263157876e+01 2.351560274903867054e+01 2.053603487152140181e-02
1.947368421052631504e+01 2.336750293122578626e+01 1.932878797638709276e-02
2.157894736842105132e+01 2.379793450653493636e+01 2.341571435985783170e-02
2.368421052631578760e+01 2.412692011216868693e+01 2.801812392306436000e-02
2.578947368421052744e+01 2.433425465134344634e+01 3.183001093058600989e-02
2.789473684210526017e+01 2.435507114784537919e+01 3.225961635868626609e-02
3.000000000000000000e+01 2.444979901059595662e+01 3.433518437114352340e-02
