-1.000000000000000000e+01 2.355182920489334109e+01 2.086043678189817424e-02
-7.894736842105263719e+00 2.365906413601219427e+01 2.189477884734174554e-02
-5.789473684210526550e+00 2.352548529537839173e+01 2.062333465523549791e-02
-3.684210526315789380e+00 2.351956294387667157e+01 2.057091155463744436e-02
-1.578947368421053099e+00 2.336095909251179137e+01 1.927957504610395764e-02
5.263157894736831821e-01 2.325951185772085594e+01 1.855757221288563408e-02
2.631578947368421240e+00 2.341082506991903500e+01 1.966309130000767902e-02
4.736842105263157521e+00 2.355741763381391607e+01 2.091156629317048390e-02
6.842105263157893802e+00 2.373114845706077958e+01 2.265710329082684660e-02
8.947368421052630083e+00 2.378649080782679448e+01 2.328199626694326535e-02
1.105263157894736636e+01 2.410423151619665205e+01 2.764826749085210270e-02
1.315789473684210265e+01 2.408193414038593261e+01 2.729310994093509662e-02
1.526315789473684248e+01 2.430393126309538587e+01 3.122045246082983533e-02
1.736842105263157876e+01 2.445065110504781103e+01 3.435478836365211952e-02
1.947368421052631504e+01 2.467601586645081468e+01 4.019319049171844044e-02
2.157894736842105132e+01 2.486981861255931037e+01 4.641950974473736669e-02
2.368421052631578760e+01 2.486421876206101444e+01 4.622162768173505853e-02
2.578947368421052744e+01 2.531987445039992224e+01 6.670799046951773892e-02
2.789473684210526017e+01 2.517810705655467629e+01 5.927791699730285135e-02
3.000000000000000000e+01 2.508500273764983746e+01 5.495621326946034668e-02
