-1.000000000000000000e+01 2.406095690901651096e+01 2.696634227508310638e-02
-7.894736842105263719e+00 2.418502682867779896e+01 2.900570081577379111e-02
-5.789473684210526550e+00 2.385410401663559199e+01 2.409538623600890328e-02
-3.684210526315789380e+00 2.387393220004879524e+01 2.434485725474630838e-02
-1.578947368421053099e+00 2.390083288946176054e+01 2.469155779510815579e-02
5.263157894736831821e-01 2.387621206321260559e+01 2.437386950450829565e-02
2.631578947368421240e+00 2.395780199529306387e+01 2.545826653376915411e-02
4.736842105263157521e+00 2.365020850941785113e+01 2.180496905667892588e-02
6.842105263157893802e+00 2.374911778873399726e+01 2.285611177137261696e-02
8.947368421052630083e+00 2.403003357355188285e+01 2.649733102055668726e-02
1.105263157894736636e+01 2.402899914228007816e+01 2.648189856040982643e-02
1.315789473684210265e+01 2.413852116088052213e+01 2.821060230387590143e-02
1.526315789473684248e+01 2.415046999825595009e+01 2.841126921891768201e-02
1.736842105263157876e+01 2.420818165387682086e+01 2.941599936675534308e-02
1.947368421052631504e+01 2.438165844251227554e+01 3.282188001417545020e-02
2.157894736842105132e+01 2.450749643813542633e+01 3.570224101567844727e-02
2.368421052631578760e+01 2.451944669574140434e+01 3.599568010605583290e-02
2.578947368421052744e+01 2.465746299353846993e+01 3.965974421335484446e-02
2.789473684210526017e+01 2.489593927535812412e+01 4.735776005718164705e-02
3.000000000000000000e+01 2.493903789600220833e+01 4.896210008469686903e-02
