-1.000000000000000000e+01 2.436034090894199622e+01 3.236984072458852502e-02
-7.894736842105263719e+00 2.433053893539965529e+01 3.175429074103321148e-02
-5.789473684210526550e+00 2.427515323189790664e+01 3.065929707765848930e-02
-3.684210526315789380e+00 2.425417917672459112e+01 3.026066385567797307e-02
-1.578947368421053099e+00 2.418510941949013571e+01 2.900714699281220499e-02
5.263157894736831821e-01 2.428744424122084666e+01 3.089693210792206907e-02
2.631578947368421240e+00 2.415274059185312083e+01 2.844968114274169790e-02
4.736842105263157521e+00 2.433161576075197274e+01 3.177620487010006378e-02
6.842105263157893802e+00 2.450559435616801451e+01 3.565586748460351091e-02
8.947368421052630083e+00 2.448701008022137771e+01 3.520752197999101746e-02
1.105263157894736636e+01 2.482890506117880847e+01 4.499968976723078828e-02
1.315789473684210265e+01 2.476746649235731113e+01 4.297683964413087643e-02
1.526315789473684248e+01 2.516390450277999236e+01 5.859159174742516185e-02
1.736842105263157876e+01 2.506541962654779709e+01 5.409875422432415537e-02
1.947368421052631504e+01 2.515445184523134614e+01 5.814033210515183459e-02
2.157894736842105132e+01 2.529265585935353400e+01 6.519609476409445048e-02
2.368421052631578760e+01 2.544582960888524426e+01 7.428344459763444596e-02
2.578947368421052744e+01 2.546051359137439718e+01 7.523225704179636875e-02
2.789473684210526017e+01 2.568086355423502809e+01 9.133593412167741177e-02
3.000000000000000000e+01 2.585535337650024701e+01 1.069498897971848800e-01
