-1.000000000000000000e+01 2.364813216383959471e+01 2.178402993578569188e-02
-7.894736842105263719e+00 2.365215883072386305e+01 2.182467808622896854e-02
-5.789473684210526550e+00 2.346644609654051905e+01 2.011475456033187670e-02
-3.684210526315789380e+00 2.349776165770720837e+01 2.038066330885084793e-02
-1.578947368421053099e+00 2.333202616353970527e+01 1.906591544390535617e-02
5.263157894736831821e-01 2.313268501770275165e+01 1.775481599073377992e-02
2.631578947368421240e+00 2.334731639137931580e+01 1.917803520819578306e-02
4.736842105263157521e+00 2.329140930294110490e+01 1.877651307486374530e-02
6.842105263157893802e+00 2.347263517729940574e+01 2.016663011410776626e-02
8.947368421052630083e+00 2.321050036414347417e+01 1.823486707353960679e-02
1.105263157894736636e+01 2.359992621260254353e+01 2.131026611471018364e-02
1.315789473684210265e+01 2.352348461293316717e+01 2.060558937376505417e-02
1.526315789473684248e+01 2.378747057795178677e+01 2.329338317838792333e-02
1.736842105263157876e+01 2.378308488257092534e+01 2.324250177622537092e-02
1.947368421052631504e+01 2.386107017601302971e+01 2.418245217527528051e-02
2.157894736842105132e+01 2.407345041225025639e+01 2.716010619432918105e-02
2.368421052631578760e+01 2.452760422094430837e+01 3.619807210510356255e-02
2.578947368421052744e+01 2.427077962104660713e+01 3.057546028384844003e-02
2.789473684210526017e+01 2.468273094803615564e+01 4.038879301809331773e-02
3.000000000000000000e+01 2.461993742202535529e+01 3.861143529176036537e-02
