-1.000000000000000000e+01 2.133740117409445247e+01 1.290626634521530036e-02
-7.894736842105263719e+00 2.113342999630842911e+01 1.273459590353399722e-02
-5.789473684210526550e+00 2.097473158323832365e+01 1.262385725821396285e-02
-3.684210526315789380e+00 2.092326885919809953e+01 1.259166143408743319e-02
-1.578947368421053099e+00 2.078523117210600191e+01 1.251327321511741010e-02
5.263157894736831821e-01 2.058065354606720021e+01 1.241578620188903311e-02
2.631578947368421240e+00 2.089797431956337448e+01 1.257645127659079605e-02
4.736842105263157521e+00 2.059487337234597959e+01 1.242191851358851427e-02
6.842105263157893802e+00 2.072919448118677721e+01 1.248449728200999760e-02
8.947368421052630083e+00 2.112780963853741056e+01 1.273035719845469829e-02
1.105263157894736636e+01 2.120390476959862980e+01 1.278988135600711736e-02
1.315789473684210265e+01 2.144961216333703291e+01 1.301725983539971446e-02
1.526315789473684248e+01 2.151249934630403615e+01 1.308530650603900551e-02
1.736842105263157876e+01 2.191686402042272519e+01 1.364576309013779652e-02
1.947368421052631504e+01 2.209536697603545363e+01 1.397781810586826504e-02
2.157894736842105132e+01 2.206909063040899710e+01 1.392502630906271646e-02
2.368421052631578760e+01 2.212967861523375745e+01 1.404893920924089358e-02
2.578947368421052744e+01 2.280194608354202046e+01 1.609391546790208891e-02
2.789473684210526017e+01 2.254536194063658172e+01 1.514344025743097517e-02
3.000000000000000000e+01 2.304002218598502338e+01 1.723114203758921090e-02
