-1.000000000000000000e+01 2.481691195751335499e+01 4.459470422279174229e-02
-7.894736842105263719e+00 2.455477769900753771e+01 3.688465393284734439e-02
-5.789473684210526550e+00 2.483285988887559625e+01 4.513433738208419421e-02
-3.684210526315789380e+00 2.482796132595622041e+01 4.496763993479735433e-02
-1.578947368421053099e+00 2.458839592165487176e+01 3.776109170951513772e-02
5.263157894736831821e-01 2.481910327596941457e+01 4.466832820262577053e-02
2.631578947368421240e+00 2.484631036965874529e+01 4.559640287687480309e-02
4.736842105263157521e+00 2.467079240024301612e+01 4.004196938736932082e-02
6.842105263157893802e+00 2.471304702311563162e+01 4.128889619678362266e-02
8.947368421052630083e+00 2.500521037619880360e+01 5.156819092979278429e-02
1.105263157894736636e+01 2.493745675242578130e+01 4.890197562200553072e-02
1.315789473684210265e+01 2.486995610858463479e+01 4.642438281069714845e-02
1.526315789473684248e+01 2.534216557406730885e+01 6.797813402089315782e-02
1.736842105263157876e+01 2.525180519565995851e+01 6.300503485096929646e-02
1.947368421052631504e+01 2.529743772841285576e+01 6.545865183526046460e-02
2.157894736842105132e+01 2.525575747555218697e+01 6.321301477352106457e-02
2.368421052631578760e+01 2.548032521976241682e+01 7.653534153064585344e-02
2.578947368421052744e+01 2.569255603837813595e+01 9.229681659116183157e-02
2.789473684210526017e+01 2.566508392528485061e+01 9.005737671264066324e-02
3.000000000000000000e+01 2.600634818651090896e+01 1.229208035240400981e-01
