-1.000000000000000000e+01 2.467644696547061756e+01 4.020570732228720412e-02
-7.894736842105263719e+00 2.473320814230491038e+01 4.190323757372015068e-02
-5.789473684210526550e+00 2.472110346708247519e+01 4.153286012457442500e-02
-3.684210526315789380e+00 2.464645437469899036e+01 3.934799975113549564e-02
-1.578947368421053099e+00 2.471100979662688246e+01 4.122752513431851562e-02
5.263157894736831821e-01 2.476754578120565142e+01 4.297936861408119258e-02
2.631578947368421240e+00 2.474021992807835346e+01 4.211990429210712289e-02
4.736842105263157521e+00 2.452373803099499128e+01 3.610193820407728293e-02
6.842105263157893802e+00 2.456968364052138298e+01 3.726951560328016499e-02
8.947368421052630083e+00 2.477697813773011504e+01 4.328169780232370145e-02
1.105263157894736636e+01 2.476765193720427405e+01 4.298275485272042007e-02
1.315789473684210265e+01 2.514973794144001928e+01 5.791693134264282172e-02
1.526315789473684248e+01 2.531174202491506264e+01 6.625181638574359488e-02
1.736842105263157876e+01 2.507629894122753100e+01 5.457297673380757941e-02
1.947368421052631504e+01 2.545299576727535396e+01 7.474469731548162577e-02
2.157894736842105132e+01 2.549384124709806088e+01 7.743971706053914827e-02
2.368421052631578760e+01 2.565339446019191172e+01 8.912353253249578888e-02
2.578947368421052744e+01 2.558230531483269488e+01 8.368013775718347036e-02
2.789473684210526017e+01 2.598985806995991510e+01 1.210534272835331743e-01
3.000000000000000000e+01 2.619634289883138933e+01 1.468871779126055266e-01
