-1.000000000000000000e+01 2.297888391207611392e+01 1.691199642540387044e-02
-7.894736842105263719e+00 2.326014950247611424e+01 1.856187887866669883e-02
-5.789473684210526550e+00 2.276540687144139952e+01 1.594275752108647096e-02
-3.684210526315789380e+00 2.319327367195602108e+01 1.812525459890160923e-02
-1.578947368421053099e+00 2.294886368933586596e+01 1.676249199149660099e-02
5.263157894736831821e-01 2.311933684494625041e+01 1.767626547671668352e-02
2.631578947368421240e+00 2.306630444163643645e+01 1.737463324293385403e-02
4.736842105263157521e+00 2.309342546489218861e+01 1.752683141315199145e-02
6.842105263157893802e+00 2.334278929099227540e+01 1.914465487542862596e-02
8.947368421052630083e+00 2.321515134884071685e+01 1.826479586024168031e-02
1.105263157894736636e+01 2.344556433344450497e+01 1.994214735618246581e-02
1.315789473684210265e+01 2.368876911975027966e+01 2.220208444646199972e-02
1.526315789473684248e+01 2.387340463480872899e+01 2.433815345515413092e-02
1.736842105263157876e+01 2.399027647716912526e+01 2.591586959711592031e-02
1.947368421052631504e+01 2.438448538132675480e+01 3.288257394565338027e-02
2.157894736842105132e+01 2.451330852057813914e+01 3.584450599588735742e-02
2.368421052631578760e+01 2.452782597889699190e+01 3.620359779203501105e-02
2.578947368421052744e+01 2.495478076532794276e+01 4.956610682212907182e-02
2.789473684210526017e+01 2.487853171222158366e+01 4.672968247189003554e-02
3.000000000000000000e+01 2.476833734103042417e+01 4.300462725728654290e-02
