-1.000000000000000000e+01 2.485554741687860769e+01 4.591745054153477390e-02
-7.894736842105263719e+00 2.471210865962461867e+01 4.126061218237496442e-02
-5.789473684210526550e+00 2.475898104882325157e+01 4.270738070619036625e-02
-3.684210526315789380e+00 2.485540222483918527e+01 4.591238051457596780e-02
-1.578947368421053099e+00 2.463003480970989401e+01 3.888954335080972713e-02
5.263157894736831821e-01 2.471524007782181087e+01 4.135510558998391206e-02
2.631578947368421240e+00 2.458504175969701677e+01 3.767227896060888759e-02
4.736842105263157521e+00 2.474648268789307792e+01 4.231475278098402459e-02
6.842105263157893802e+00 2.499483173715716333e+01 5.114761448340858496e-02
8.947368421052630083e+00 2.476613971878871823e+01 4.293455194675167147e-02
1.105263157894736636e+01 2.498292795927897814e+01 5.067073556393539291e-02
1.315789473684210265e+01 2.500788307490924822e+01 5.167722710762745475e-02
1.526315789473684248e+01 2.548635880976776491e+01 7.693750240369841287e-02
1.736842105263157876e+01 2.542942779995132341e+01 7.324045697083648998e-02
1.947368421052631504e+01 2.547788220786396707e+01 7.637321509778419171e-02
2.157894736842105132e+01 2.573378802623491879e+01 9.577907138834904077e-02
2.368421052631578760e+01 2.601301618135173399e+01 1.236849500850741301e-01
2.578947368421052744e+01 2.583556041859513641e+01 1.050344693666192264e-01
2.789473684210526017e+01 2.617097961882228319e+01 1.434102598803882744e-01
3.000000000000000000e+01 2.623677401211443083e+01 1.526208651514693870e-01
