-1.000000000000000000e+01 2.396616440393694702e+01 2.557464382275613513e-02
-7.894736842105263719e+00 2.379216271400761684e+01 2.334807480877333294e-02
-5.789473684210526550e+00 2.326924555978797216e+01 1.862362268467662035e-02
-3.684210526315789380e+00 2.304173694557423246e+01 1.724038603717389234e-02
-1.578947368421053099e+00 2.317189327847994917e+01 1.799188859926750123e-02
5.263157894736831821e-01 2.281761083133402579e+01 1.616048048047059871e-02
2.631578947368421240e+00 2.288368627688437229e+01 1.645337898029546747e-02
4.736842105263157521e+00 2.300349436679796966e+01 1.703805384257367841e-02
6.842105263157893802e+00 2.268424194189403664e+01 1.562665729806194878e-02
8.947368421052630083e+00 2.314725372814316273e+01 1.784179022363180031e-02
1.105263157894736636e+01 2.308545862507798319e+01 1.748168128098311069e-02
1.315789473684210265e+01 2.315395161382861389e+01 1.788221603824683564e-02
1.526315789473684248e+01 2.344931791420232869e+01 1.997290123657620778e-02
1.736842105263157876e+01 2.372473596805567198e+01 2.258697235671369014e-02
1.947368421052631504e+01 2.370990313310244701e+01 2.242651465124671784e-02
2.157894736842105132e+01 2.387339822670264056e+01 2.433807204939099356e-02
2.368421052631578760e+01 2.409135934563602177e+01 2.744224245305525861e-02
2.578947368421052744e+01 2.412037912244322868e+01 2.791060863247779578e-02
2.789473684210526017e+01 2.443442350472904678e+01 3.398438195660585803e-02
3.000000000000000000e+01 2.463520877659113140e+01 3.903317200776740270e-02
