-1.000000000000000000e+01 2.401184173514256770e+01 2.622831359980959051e-02
-7.894736842105263719e+00 2.405470261453157477e+01 2.687027551480559301e-02
-5.789473684210526550e+00 2.392189610245379683e+01 2.496980709396052003e-02
-3.684210526315789380e+00 2.376531019106609932e+01 2.303862217583550406e-02
-1.578947368421053099e+00 2.394523930329220462e+01 2.528530766555497911e-02
5.263157894736831821e-01 2.392572052443981079e+01 2.502097897576937430e-02
2.631578947368421240e+00 2.391554417645989616e+01 2.488526046678209494e-02
4.736842105263157521e+00 2.409448709297932112e+01 2.749205264797602646e-02
6.842105263157893802e+00 2.402467207679970329e+01 2.641752187522186657e-02
8.947368421052630083e+00 2.414357071893222439e+01 2.829510269306914627e-02
1.105263157894736636e+01 2.422386708129997146e+01 2.969955164050391491e-02
1.315789473684210265e+01 2.426803483442238019e+01 3.052303855198744073e-02
1.526315789473684248e+01 2.452320286250679260e+01 3.608866121557388618e-02
1.736842105263157876e+01 2.462791143441494768e+01 3.883081980709225667e-02
1.947368421052631504e+01 2.495784316978971518e+01 4.968474387002914938e-02
2.157894736842105132e+01 2.508810350428533908e+01 5.509357483983279291e-02
2.368421052631578760e+01 2.489198395323323965e+01 4.721405921938247319e-02
2.578947368421052744e+01 2.522445886660201353e+01 6.158895061389879633e-02
2.789473684210526017e+01 2.531672282708445465e+01 6.653075226364489614e-02
3.000000000000000000e+01 2.533500849144754952e+01 6.756714333332120015e-02
