-1.000000000000000000e+01 2.492384100012106174e+01 4.838825459290717335e-02
-7.894736842105263719e+00 2.474668566638184330e+01 4.232108894122944137e-02
-5.789473684210526550e+00 2.456690050784013835e+01 3.719720775290102921e-02
-3.684210526315789380e+00 2.449260691612262164e+01 3.534164397482822406e-02
-1.578947368421053099e+00 2.442206152687493415e+01 3.370633509398827943e-02
5.263157894736831821e-01 2.447735816179270429e+01 3.497803240682334502e-02
2.631578947368421240e+00 2.435700739190967212e+01 3.230004610499635775e-02
4.736842105263157521e+00 2.428767780631829609e+01 3.090147704832933370e-02
6.842105263157893802e+00 2.436524637745179689e+01 3.247298427364762874e-02
8.947368421052630083e+00 2.430682620642864578e+01 3.127782813579675636e-02
1.105263157894736636e+01 2.442121221770109685e+01 3.368736195585303461e-02
1.315789473684210265e+01 2.471634397212619305e+01 4.138848930732676179e-02
1.526315789473684248e+01 2.464340357840236351e+01 3.926223011128299190e-02
1.736842105263157876e+01 2.476285508457479878e+01 4.283011037515460639e-02
1.947368421052631504e+01 2.497351634851254332e+01 5.029781135637695355e-02
2.157894736842105132e+01 2.479945855310987923e+01 4.401419710532483709e-02
2.368421052631578760e+01 2.501791266254428336e+01 5.208908315762017516e-02
2.578947368421052744e+01 2.532822783802617295e+01 6.718055280279643104e-02
2.789473684210526017e+01 2.547668568100618103e+01 7.629395823364816531e-02
3.000000000000000000e+01 2.556960452796087324e+01 8.274888054579052077e-02
