-1.000000000000000000e+01 2.349432400646011132e+01 2.035105261578916067e-02
-7.894736842105263719e+00 2.368003834249911321e+01 2.211078503245784282e-02
-5.789473684210526550e+00 2.366356341521436590e+01 2.194072319536119822e-02
-3.684210526315789380e+00 2.346599365473520749e+01 2.011097524014826554e-02
-1.578947368421053099e+00 2.390771325403886038e+01 2.478178600071203816e-02
5.263157894736831821e-01 2.338005538637866110e+01 1.942412180801157337e-02
2.631578947368421240e+00 2.351805017794914932e+01 2.055757212400145806e-02
4.736842105263157521e+00 2.336177535046377685e+01 1.928569562764098633e-02
6.842105263157893802e+00 2.338792932791873724e+01 1.948455501430619574e-02
8.947368421052630083e+00 2.360142083121483481e+01 2.132460460455603765e-02
1.105263157894736636e+01 2.346105160952517110e+01 2.006980797232995467e-02
1.315789473684210265e+01 2.364807712790096517e+01 2.178347552895831818e-02
1.526315789473684248e+01 2.391813279161479144e+01 2.491964920998643307e-02
1.736842105263157876e+01 2.375660041786000320e+01 2.294007309630154492e-02
1.947368421052631504e+01 2.404718825618219569e+01 2.675566916730542574e-02
2.157894736842105132e+01 2.438659735733930134e+01 3.292803316907563782e-02
2.368421052631578760e+01 2.426256828258213005e+01 3.041907507572719216e-02
2.578947368421052744e+01 2.446356164156383173e+01 3.465393305471570901e-02
2.789473684210526017e+01 2.472591038481418479e+01 4.167938929513384516e-02
3.000000000000000000e+01 2.482074329923491618e+01 4.472353853601568341e-02
