-1.000000000000000000e+01 2.221116422388302425e+01 1.422826078736938622e-02
-7.894736842105263719e+00 2.201878582284349761e+01 1.382785807047382659e-02
-5.789473684210526550e+00 2.181351074732641138e+01 1.347962640140866128e-02
-3.684210526315789380e+00 2.207166843223883745e+01 1.393014241337809170e-02
-1.578947368421053099e+00 2.212377599537439465e+01 1.403652464218521287e-02
5.263157894736831821e-01 2.208156871802558285e+01 1.394991799138491431e-02
2.631578947368421240e+00 2.222723173914422290e+01 1.426543046330093316e-02
4.736842105263157521e+00 2.236439034659887426e+01 1.460904944157812545e-02
6.842105263157893802e+00 2.258883382538457241e+01 1.528733537494127853e-02
8.947368421052630083e+00 2.284128203676233326e+01 1.626312688015319613e-02
1.105263157894736636e+01 2.310804306771613525e+01 1.761064248353270967e-02
1.315789473684210265e+01 2.335600314773131814e+01 1.924252390086230585e-02
1.526315789473684248e+01 2.347501905492304175e+01 2.018669961911145894e-02
1.736842105263157876e+01 2.323957083998200801e+01 1.842430713396453132e-02
1.947368421052631504e+01 2.377422789659962987e+01 2.314044380885973626e-02
2.157894736842105132e+01 2.381944309870416276e+01 2.367134302190910394e-02
2.368421052631578760e+01 2.401210250740021834e+01 2.623213436056499870e-02
2.578947368421052744e+01 2.406292458010806001e+01 2.699669410687418128e-02
2.789473684210526017e+01 2.439629134176214009e+01 3.313796419631186152e-02
3.000000000000000000e+01 2.447600170087216398e+01 3.494596280208904504e-02
