-1.000000000000000000e+01 2.493287502412752943e+01 4.872830286540416611e-02
-7.894736842105263719e+00 2.482061646183531423e+01 4.471926530909656194e-02
-5.789473684210526550e+00 2.461035910040989805e+01 3.835028249163595360e-02
-3.684210526315789380e+00 2.485047294411452157e+01 4.574070160932376672e-02
-1.578947368421053099e+00 2.469131126450692548e+01 4.064070379654542708e-02
5.263157894736831821e-01 2.475741932776872289e+01 4.265804358083503944e-02
2.631578947368421240e+00 2.479566891686394214e+01 4.388952483834633600e-02
4.736842105263157521e+00 2.503027987627145023e+01 5.260282234912785904e-02
6.842105263157893802e+00 2.490117551691048803e+01 4.754890040893201830e-02
8.947368421052630083e+00 2.501021404697583250e+01 5.177256737539055742e-02
1.105263157894736636e+01 2.483208962407072562e+01 4.510806963264954450e-02
1.315789473684210265e+01 2.504236201893444402e+01 5.311107660101402339e-02
1.526315789473684248e+01 2.524953710504941995e+01 6.288606328591156425e-02
1.736842105263157876e+01 2.523314425092489444e+01 6.203439552256129197e-02
1.947368421052631504e+01 2.537524111795603332e+01 6.991731400582389122e-02
2.157894736842105132e+01 2.511387313750844186e+01 5.625227688219504307e-02
2.368421052631578760e+01 2.526696406106703208e+01 6.380735940269974260e-02
2.578947368421052744e+01 2.568869988645288416e+01 9.197864066384812964e-02
2.789473684210526017e+01 2.582706781645656946e+01 1.042245085608056870e-01
3.000000000000000000e+01 2.589611354128555476e+01 1.110194933946079959e-01
