-1.000000000000000000e+01 2.414345123918481306e+01 2.829309821453930562e-02
-7.894736842105263719e+00 2.397297940861938059e+01 2.567023017951380881e-02
-5.789473684210526550e+00 2.421841697580147823e+01 2.960050814965910909e-02
-3.684210526315789380e+00 2.401177381466835925e+01 2.622731861677247978e-02
-1.578947368421053099e+00 2.412627808976709787e+01 2.800753882172062406e-02
5.263157894736831821e-01 2.393399700930388008e+01 2.513241306026327282e-02
2.631578947368421240e+00 2.375439970638683107e+01 2.291531209998684537e-02
4.736842105263157521e+00 2.396353401562359053e+01 2.553792936936315899e-02
6.842105263157893802e+00 2.408843206700557360e+01 2.739576986706551698e-02
8.947368421052630083e+00 2.387890520031291075e+01 2.440822870001221889e-02
1.105263157894736636e+01 2.400095475271021428e+01 2.606971262659804958e-02
1.315789473684210265e+01 2.398498847481193508e+01 2.584030872450625987e-02
1.526315789473684248e+01 2.423097240681698494e+01 2.982951248911665937e-02
1.736842105263157876e+01 2.450797402840175110e+01 3.571389913200752331e-02
1.947368421052631504e+01 2.436749515803026966e+01 3.252044209924240259e-02
2.157894736842105132e+01 2.457285901592072008e+01 3.735226767164430417e-02
2.368421052631578760e+01 2.483684203985268724e+01 4.527047036644302191e-02
2.578947368421052744e+01 2.496158023206633203e+01 4.983002473734654547e-02
2.789473684210526017e+01 2.511824305998544560e+01 5.645183227427613692e-02
3.000000000000000000e+01 2.526601622477063103e+01 6.375682471132955442e-02
