-1.000000000000000000e+01 2.383598493229251503e+01 2.387182939575289986e-02
-7.894736842105263719e+00 2.350489835060602317e+01 2.044247188202876625e-02
-5.789473684210526550e+00 2.335318859244407008e+01 1.922156602219323926e-02
-3.684210526315789380e+00 2.313044931975520768e+01 1.774158411130952531e-02
-1.578947368421053099e+00 2.322604580006104769e+01 1.833546455245061574e-02
5.263157894736831821e-01 2.311904953042806454e+01 1.767458654606089696e-02
2.631578947368421240e+00 2.318631837397060025e+01 1.808154644337705771e-02
4.736842105263157521e+00 2.297631463108688621e+01 1.689901949250434410e-02
6.842105263157893802e+00 2.311494041800752086e+01 1.765062909641449199e-02
8.947368421052630083e+00 2.333353905257923699e+01 1.907693059682997322e-02
1.105263157894736636e+01 2.328119927659171040e+01 1.870564851080694022e-02
1.315789473684210265e+01 2.354002940218134299e+01 2.075343990920118509e-02
1.526315789473684248e+01 2.341640189966265595e+01 1.970721943456676950e-02
1.736842105263157876e+01 2.347848535786881286e+01 2.021596992892842753e-02
1.947368421052631504e+01 2.386754039406816830e+01 2.426388092462838236e-02
2.157894736842105132e+01 2.390367752824341707e+01 2.472878452938611499e-02
2.368421052631578760e+01 2.409174308907182649e+01 2.744834503824168312e-02
2.578947368421052744e+01 2.438786507912672974e+01 3.295536775882920016e-02
2.789473684210526017e+01 2.448772852638212072e+01 3.522469554120020302e-02
3.000000000000000000e+01 2.452963675552218348e+01 3.624876533285656399e-02
