-1.000000000000000000e+01 2.268812429699527655e+01 1.564118332352062643e-02
-7.894736842105263719e+00 2.242678617712833145e+01 1.478216642848033044e-02
-5.789473684210526550e+00 2.263577858704381995e+01 1.545013223165892652e-02
-3.684210526315789380e+00 2.242308997861719888e+01 1.477159852136695692e-02
-1.578947368421053099e+00 2.264947627288886522e+01 1.549913558277733923e-02
5.263157894736831821e-01 2.265543659192622528e+01 1.552067531427670649e-02
2.631578947368421240e+00 2.263032600525431448e+01 1.543081716813488567e-02
4.736842105263157521e+00 2.268248593872151986e+01 1.562010617145323695e-02
6.842105263157893802e+00 2.276833772641941778e+01 1.595467341327153413e-02
8.947368421052630083e+00 2.289524106930496927e+01 1.650667742024071807e-02
1.105263157894736636e+01 2.307318670837804575e+01 1.741285377232132392e-02
1.315789473684210265e+01 2.349074921994980514e+01 2.032037164816032776e-02
1.526315789473684248e+01 2.356432179794382975e+01 2.097514129979569097e-02
1.736842105263157876e+01 2.359382295635784388e+01 2.125194355486235628e-02
1.947368421052631504e+01 2.381099806631612736e+01 2.357029865365291993e-02
2.157894736842105132e+01 2.410760064360678001e+01 2.770264432316007358e-02
2.368421052631578760e+01 2.412124717495540338e+01 2.792483531396201812e-02
2.578947368421052744e+01 2.446547124144609953e+01 3.469851815343452661e-02
2.789473684210526017e+01 2.462619914744788474e+01 3.878355863994126240e-02
3.000000000000000000e+01 2.456244213195661175e+01 3.708180679764178089e-02
