-1.000000000000000000e+01 2.517040441007297247e+01 5.890444846740063023e-02
-7.894736842105263719e+00 2.484868889447146145e+01 4.567878046791738755e-02
-5.789473684210526550e+00 2.460801408766997156e+01 3.828673725285344082e-02
-3.684210526315789380e+00 2.460350316267026827e+01 3.816493064272687835e-02
-1.578947368421053099e+00 2.470586286599393944e+01 4.107304706090515733e-02
5.263157894736831821e-01 2.439423935577479341e+01 3.309335179783953751e-02
2.631578947368421240e+00 2.456199900070685516e+01 3.707036566952091883e-02
4.736842105263157521e+00 2.461002532969585133e+01 3.834122859346914686e-02
6.842105263157893802e+00 2.472505582143077874e+01 4.165328662613934640e-02
8.947368421052630083e+00 2.454657908979208969e+01 3.667547556574528300e-02
1.105263157894736636e+01 2.471097559013332301e+01 4.122649576865653614e-02
1.315789473684210265e+01 2.466273480074509550e+01 3.981028826557093947e-02
1.526315789473684248e+01 2.483157173768821835e+01 4.509042025920891039e-02
1.736842105263157876e+01 2.477207742067894714e+01 4.312425187458342191e-02
1.947368421052631504e+01 2.494831967579091625e+01 4.931702908611923508e-02
2.157894736842105132e+01 2.491297050411000669e+01 4.798325073341565272e-02
2.368421052631578760e+01 2.516214623330519373e+01 5.850732103691771990e-02
2.578947368421052744e+01 2.543061091749181202e+01 7.331510315072692352e-02
2.789473684210526017e+01 2.553206189472219734e+01 8.006629042966398324e-02
3.000000000000000000e+01 2.555394546230794006e+01 8.161735123839394812e-02
