-1.000000000000000000e+01 2.455842759311609669e+01 3.697834644628909817e-02
-7.894736842105263719e+00 2.448032768829306249e+01 3.504839484175606423e-02
-5.789473684210526550e+00 2.425105691488801440e+01 3.020205480031567039e-02
-3.684210526315789380e+00 2.433146181410927866e+01 3.177307046244012834e-02
-1.578947368421053099e+00 2.451443282639616683e+01 3.587212454798201916e-02
5.263157894736831821e-01 2.433983303171960344e+01 3.194423446855942927e-02
2.631578947368421240e+00 2.452396879558966702e+01 3.610766549791891156e-02
4.736842105263157521e+00 2.444438795151357269e+01 3.421109365117332157e-02
6.842105263157893802e+00 2.464672519076121304e+01 3.935562646162076017e-02
8.947368421052630083e+00 2.454982501087399172e+01 3.675808052745539733e-02
1.105263157894736636e+01 2.473183166027418167e+01 4.186088714944952160e-02
1.315789473684210265e+01 2.478172766206646216e+01 4.343504628543363999e-02
1.526315789473684248e+01 2.518050961033558366e+01 5.939501391068677250e-02
1.736842105263157876e+01 2.489831500964242039e+01 4.744435461643867202e-02
1.947368421052631504e+01 2.518635330474639034e+01 5.968103895311581419e-02
2.157894736842105132e+01 2.517803495592358587e+01 5.927440739421097060e-02
2.368421052631578760e+01 2.556760729073879190e+01 8.260354244387453637e-02
2.578947368421052744e+01 2.553833511238951814e+01 8.050735530970047626e-02
2.789473684210526017e+01 2.555910759040043700e+01 8.198835443470736672e-02
3.000000000000000000e+01 2.554196689977924351e+01 8.076400845274246676e-02
