-1.000000000000000000e+01 2.324379141334699383e+01 1.845228524870810155e-02
-7.894736842105263719e+00 2.343842059250308552e+01 1.988394451971032054e-02
-5.789473684210526550e+00 2.307611104898234444e+01 1.742917620773012585e-02
-3.684210526315789380e+00 2.321267864856563889e+01 1.824886635090905429e-02
-1.578947368421053099e+00 2.319443430533909378e+01 1.813257871881719663e-02
5.263157894736831821e-01 2.327663820849137011e+01 1.867423151123629929e-02
2.631578947368421240e+00 2.320596836343293745e+01 1.820584148556780857e-02
4.736842105263157521e+00 2.344651175132869980e+01 1.994989854083976250e-02
6.842105263157893802e+00 2.355015608373017599e+01 2.084518624171353279e-02
8.947368421052630083e+00 2.342541606480533289e+01 1.977908434611944447e-02
1.105263157894736636e+01 2.350860714736945312e+01 2.047477235303894749e-02
1.315789473684210265e+01 2.386704171083258075e+01 2.425758560293588689e-02
1.526315789473684248e+01 2.386455195261864404e+01 2.422620348182566441e-02
1.736842105263157876e+01 2.408808301860649692e+01 2.739023782151046166e-02
1.947368421052631504e+01 2.443311964783454115e+01 3.395488824492751134e-02
2.157894736842105132e+01 2.440562657466267993e+01 3.334211630659465742e-02
2.368421052631578760e+01 2.442787306530881608e+01 3.383660806794003273e-02
2.578947368421052744e+01 2.489636604700122291e+01 4.737330010833702698e-02
2.789473684210526017e+01 2.471575595737284559e+01 4.137070197792440396e-02
3.000000000000000000e+01 2.484446393485603366e+01 4.553259258613397142e-02
