-1.000000000000000000e+01 2.400297708108477934e+01 2.609903950613058632e-02
-7.894736842105263719e+00 2.404138682380819247e+01 2.666779232663303578e-02
-5.789473684210526550e+00 2.370463341117317313e+01 2.237009558234559145e-02
-3.684210526315789380e+00 2.388966197601851960e+01 2.454641845146501161e-02
-1.578947368421053099e+00 2.360114135797204327e+01 2.132192182553990095e-02
5.263157894736831821e-01 2.373508022623793678e+01 2.270033309523578069e-02
2.631578947368421240e+00 2.362020975560044533e+01 2.150674935099435719e-02
4.736842105263157521e+00 2.352927597781166469e+01 2.065705695309688616e-02
6.842105263157893802e+00 2.371835822669008564e+01 2.251767921413245013e-02
8.947368421052630083e+00 2.351977985980200359e+01 2.057282600307679468e-02
1.105263157894736636e+01 2.357241420977064195e+01 2.105023552566861328e-02
1.315789473684210265e+01 2.380511480824970860e+01 2.350042322530751862e-02
1.526315789473684248e+01 2.389979116989833585e+01 2.467795244912269342e-02
1.736842105263157876e+01 2.404387364133915383e+01 2.670539697358462888e-02
1.947368421052631504e+01 2.426161692025024408e+01 3.040104166779408063e-02
2.157894736842105132e+01 2.432696243016315307e+01 3.168168053908632098e-02
2.368421052631578760e+01 2.431673831154219911e+01 3.147557916418650126e-02
2.578947368421052744e+01 2.468230211281284880e+01 4.037626108038810946e-02
2.789473684210526017e+01 2.459005667591429756e+01 3.780517943821734561e-02
3.000000000000000000e+01 2.499248891954895058e+01 5.105329600044104799e-02
