-1.000000000000000000e+01 2.436190195793513524e+01 3.240260721714282449e-02
-7.894736842105263719e+00 2.431911677315372700e+01 3.152333155658391950e-02
-5.789473684210526550e+00 2.447085987011865882e+01 3.482480491565875802e-02
-3.684210526315789380e+00 2.455614884265523656e+01 3.691980980533628165e-02
-1.578947368421053099e+00 2.450286339223735155e+01 3.558944408124711800e-02
5.263157894736831821e-01 2.459598217171692269e+01 3.796309822264457012e-02
2.631578947368421240e+00 2.449800067872820719e+01 3.547163293898326908e-02
4.736842105263157521e+00 2.473508967946189330e+01 4.196122428451652675e-02
6.842105263157893802e+00 2.461399816245942418e+01 3.844919821524551279e-02
8.947368421052630083e+00 2.519056294010092500e+01 5.988815246767115186e-02
1.105263157894736636e+01 2.477903042335062267e+01 4.334786820406523467e-02
1.315789473684210265e+01 2.503087978467354802e+01 5.262790953950263750e-02
1.526315789473684248e+01 2.524421100935447626e+01 6.260777541122737599e-02
1.736842105263157876e+01 2.537202313449133584e+01 6.972573422587646785e-02
1.947368421052631504e+01 2.555714871417094969e+01 8.184733738872355946e-02
2.157894736842105132e+01 2.580216765729412742e+01 1.018901372459951743e-01
2.368421052631578760e+01 2.576953657555580790e+01 9.892021527121752644e-02
2.578947368421052744e+01 2.606131194127870998e+01 1.293790232754122582e-01
2.789473684210526017e+01 2.611801922457356895e+01 1.364364487812479432e-01
3.000000000000000000e+01 2.621744756679016319e+01 1.498503237160586365e-01
