-1.000000000000000000e+01 2.302957509829109384e+01 1.717517467768726186e-02
-7.894736842105263719e+00 2.278189620432868523e+01 1.601026808931519524e-02
-5.789473684210526550e+00 2.321031567089482550e+01 1.823368154053105900e-02
-3.684210526315789380e+00 2.298795191208916577e+01 1.695807247852120989e-02
-1.578947368421053099e+00 2.293836568300774914e+01 1.671129165761995120e-02
5.263157894736831821e-01 2.299816195720100964e+01 1.701046894595415609e-02
2.631578947368421240e+00 2.295175969388962400e+01 1.677671389965356558e-02
4.736842105263157521e+00 2.298848190557208682e+01 1.696077879527067844e-02
6.842105263157893802e+00 2.327212577173255781e+01 1.864329433836556249e-02
8.947368421052630083e+00 2.346154445333387883e+01 2.007390396738781280e-02
1.105263157894736636e+01 2.368356614120451198e+01 2.214757711560570719e-02
1.315789473684210265e+01 2.375515554271365204e+01 2.292380996138231042e-02
1.526315789473684248e+01 2.388437161596272063e+01 2.447826318088016165e-02
1.736842105263157876e+01 2.412607232020957682e+01 2.800414775443877194e-02
1.947368421052631504e+01 2.411617394000552395e+01 2.784186879389743963e-02
2.157894736842105132e+01 2.439309514051388206e+01 3.306851622059849005e-02
2.368421052631578760e+01 2.435675213369739467e+01 3.229471157203896159e-02
2.578947368421052744e+01 2.476329929167703270e+01 4.284421419074616738e-02
2.789473684210526017e+01 2.479254499871574779e+01 4.378711865906667611e-02
3.000000000000000000e+01 2.483180204843800709e+01 4.509826800108296396e-02
