-1.000000000000000000e+01 2.457329991711919348e+01 3.736377921079889197e-02
-7.894736842105263719e+00 2.463243181042625096e+01 3.895598866268017157e-02
-5.789473684210526550e+00 2.443619258289429652e+01 3.402446249956002366e-02
-3.684210526315789380e+00 2.431177371292779554e+01 3.137628088091534706e-02
-1.578947368421053099e+00 2.400549206398373059e+01 2.613559593020130245e-02
5.263157894736831821e-01 2.402999693930793512e+01 2.649678420127261208e-02
2.631578947368421240e+00 2.413280165221035034e+01 2.811541994499904343e-02
4.736842105263157521e+00 2.407576498054050873e+01 2.719627769760465247e-02
6.842105263157893802e+00 2.433707265651742091e+01 3.188763071951757067e-02
8.947368421052630083e+00 2.411906986615424486e+01 2.788917501396417226e-02
1.105263157894736636e+01 2.428817327056385977e+01 3.091112190031802820e-02
1.315789473684210265e+01 2.422571706621707222e+01 2.973329752846822285e-02
1.526315789473684248e+01 2.442924882368865624e+01 3.386756170579825753e-02
1.736842105263157876e+01 2.444539476017797242e+01 3.423413026979694324e-02
1.947368421052631504e+01 2.459269896925463783e+01 3.787547947187039354e-02
2.157894736842105132e+01 2.495929160295341021e+01 4.974098637190976779e-02
2.368421052631578760e+01 2.502962630973395619e+01 5.257550889410501915e-02
2.578947368421052744e+01 2.521541712688188852e+01 6.112944198813770325e-02
2.789473684210526017e+01 2.533552929772906737e+01 6.759694821863114489e-02
3.000000000000000000e+01 2.554991538387931271e+01 8.132907623350135728e-02
