-1.000000000000000000e+01 2.291000411868327191e+01 1.657570365095628953e-02
-7.894736842105263719e+00 2.232612239177470315e+01 1.450824806414027085e-02
-5.789473684210526550e+00 2.252758817703981720e+01 1.508643780327231614e-02
-3.684210526315789380e+00 2.238249286781205072e+01 1.465813477310459051e-02
-1.578947368421053099e+00 2.230667802349415041e+01 1.445853151822117794e-02
5.263157894736831821e-01 2.226876616834377032e+01 1.436441219021006820e-02
2.631578947368421240e+00 2.245037588770626513e+01 1.485056818933811439e-02
4.736842105263157521e+00 2.238885975248311055e+01 1.467561733134151170e-02
6.842105263157893802e+00 2.241970787664995513e+01 1.476196383028104998e-02
8.947368421052630083e+00 2.252565029848322098e+01 1.508028564338158468e-02
1.105263157894736636e+01 2.279351727057032662e+01 1.605854027069136825e-02
1.315789473684210265e+01 2.267619643842697386e+01 1.559673886079502962e-02
1.526315789473684248e+01 2.302928898807363822e+01 1.717365037527104205e-02
1.736842105263157876e+01 2.319498536530367616e+01 1.813605922113235500e-02
1.947368421052631504e+01 2.321631467546680128e+01 1.827230422630027329e-02
2.157894736842105132e+01 2.357781198070255613e+01 2.110067359370788875e-02
2.368421052631578760e+01 2.347395301546306356e+01 2.017771870509706481e-02
2.578947368421052744e+01 2.395358324030581443e+01 2.539993447977767840e-02
2.789473684210526017e+01 2.393727429225136305e+01 2.517680132162112422e-02
3.000000000000000000e+01 2.402906539525393015e+01 2.648288648185983737e-02
