-1.000000000000000000e+01 2.417294847122057888e+01 2.879552561641750275e-02
-7.894736842105263719e+00 2.412538874335089290e+01 2.799288761408361137e-02
-5.789473684210526550e+00 2.408532366357192345e+01 2.734657489407328959e-02
-3.684210526315789380e+00 2.413907513951630790e+01 2.821985126078003364e-02
-1.578947368421053099e+00 2.396318702868658335e+01 2.553309361183411091e-02
5.263157894736831821e-01 2.398380353664635933e+01 2.582343335506510212e-02
2.631578947368421240e+00 2.394866320698441342e+01 2.533222524723860447e-02
4.736842105263157521e+00 2.401499206794200703e+01 2.627454011193949140e-02
6.842105263157893802e+00 2.386625877632225468e+01 2.424770844360614463e-02
8.947368421052630083e+00 2.415031009671378825e+01 2.840856752716992145e-02
1.105263157894736636e+01 2.415402747666611205e+01 2.847149144257952666e-02
1.315789473684210265e+01 2.419072134491496584e+01 2.910570125105049755e-02
1.526315789473684248e+01 2.432691554285125690e+01 3.168073040750377795e-02
1.736842105263157876e+01 2.424874173645271114e+01 3.015871727705332628e-02
1.947368421052631504e+01 2.436737669337403389e+01 3.251793930152705597e-02
2.157894736842105132e+01 2.462725609244926872e+01 3.881272174250549600e-02
2.368421052631578760e+01 2.473059014437687253e+01 4.182274069590836280e-02
2.578947368421052744e+01 2.487291969276147796e+01 4.652958454945126110e-02
2.789473684210526017e+01 2.500247224009450520e+01 5.145679587675100475e-02
3.000000000000000000e+01 2.527524065061593106e+01 6.425073459041254209e-02
