-1.000000000000000000e+01 2.420082672399637147e+01 2.928460997843181091e-02
-7.894736842105263719e+00 2.414875599805125361e+01 2.838233267858496917e-02
-5.789473684210526550e+00 2.413833282773300581e+01 2.820745918697824955e-02
-3.684210526315789380e+00 2.419271051947821149e+01 2.914077121485351279e-02
-1.578947368421053099e+00 2.405921750896465738e+01 2.693956273952510111e-02
5.263157894736831821e-01 2.394079164589914299e+01 2.522460809157988509e-02
2.631578947368421240e+00 2.388138731330965570e+01 2.443998011826370789e-02
4.736842105263157521e+00 2.408684868544079904e+01 2.737069089358241947e-02
6.842105263157893802e+00 2.415616375764397006e+01 2.850776129075865972e-02
8.947368421052630083e+00 2.400943433529486271e+01 2.619308947196780091e-02
1.105263157894736636e+01 2.405181925860833303e+01 2.682619471191331761e-02
1.315789473684210265e+01 2.425889068934563753e+01 3.034946273118654600e-02
1.526315789473684248e+01 2.411737233269792213e+01 2.786142795623694837e-02
1.736842105263157876e+01 2.434050395507333775e+01 3.195801661999580351e-02
1.947368421052631504e+01 2.459557437417934977e+01 3.795219922226378273e-02
2.157894736842105132e+01 2.451475708103696505e+01 3.588009579917264547e-02
2.368421052631578760e+01 2.473622020419762535e+01 4.199611976117850753e-02
2.578947368421052744e+01 2.499024061037303568e+01 5.096299597504554135e-02
2.789473684210526017e+01 2.492400977949943552e+01 4.839457863960051898e-02
3.000000000000000000e+01 2.529285091682979569e+01 6.520677947282152442e-02
