-1.000000000000000000e+01 2.431309517884963256e+01 3.140266232709842953e-02
-7.894736842105263719e+00 2.423505479765605841e+01 2.990461316231579625e-02
-5.789473684210526550e+00 2.423711841647692466e+01 2.994269629011546419e-02
-3.684210526315789380e+00 2.431377517967941415e+01 3.141625170372355780e-02
-1.578947368421053099e+00 2.438624760409963699e+01 3.292049807480806889e-02
5.263157894736831821e-01 2.420655797764568007e+01 2.938690816996495855e-02
2.631578947368421240e+00 2.434858403612871314e+01 3.212474810203749115e-02
4.736842105263157521e+00 2.445956632751778059e+01 3.456093405082295844e-02
6.842105263157893802e+00 2.438447845473472597e+01 3.288242501681153118e-02
8.947368421052630083e+00 2.459548561974269631e+01 3.794982773324024478e-02
1.105263157894736636e+01 2.478288939534676061e+01 4.347266959744476578e-02
1.315789473684210265e+01 2.479580762065373989e+01 4.389407937405531701e-02
1.526315789473684248e+01 2.481978271759453492e+01 4.469118985947898026e-02
1.736842105263157876e+01 2.510352347401016004e+01 5.578321875830014043e-02
1.947368421052631504e+01 2.533874592845589291e+01 6.778138530518555693e-02
2.157894736842105132e+01 2.532474320462978667e+01 6.698292820107519530e-02
2.368421052631578760e+01 2.531900447925511344e+01 6.665900831971698082e-02
2.578947368421052744e+01 2.525039814146639472e+01 6.293119580991665685e-02
2.789473684210526017e+01 2.547702119151004752e+01 7.631617229793742629e-02
3.000000000000000000e+01 2.556123012959043805e+01 8.214147476808900117e-02
