-1.000000000000000000e+01 2.465439685579785944e+01 3.957256133546549481e-02
-7.894736842105263719e+00 2.480450304744163503e+01 4.418090850902466060e-02
-5.789473684210526550e+00 2.466764362975499125e+01 3.995120354709247312e-02
-3.684210526315789380e+00 2.459134235049029726e+01 3.783936180618131806e-02
-1.578947368421053099e+00 2.448622085850309560e+01 3.518867125398351947e-02
5.263157894736831821e-01 2.461546494867102908e+01 3.848917280708853694e-02
2.631578947368421240e+00 2.472472957996182430e+01 4.164332762493636736e-02
4.736842105263157521e+00 2.469480923984480469e+01 4.074404165611439366e-02
6.842105263157893802e+00 2.486407278616709249e+01 4.621648457078937622e-02
8.947368421052630083e+00 2.449004398876531852e+01 3.528013031440837416e-02
1.105263157894736636e+01 2.489758524230041914e+01 4.741773234722095054e-02
1.315789473684210265e+01 2.498059600469518671e+01 5.057799751103350672e-02
1.526315789473684248e+01 2.508460741512472580e+01 5.493873228478916848e-02
1.736842105263157876e+01 2.530328038393053092e+01 6.578121291000087190e-02
1.947368421052631504e+01 2.520114289182295053e+01 6.041266527227923122e-02
2.157894736842105132e+01 2.523711960257884357e+01 6.223961096658510439e-02
2.368421052631578760e+01 2.562366331522522955e+01 8.679841468914702152e-02
2.578947368421052744e+01 2.576800885181721057e+01 9.878359950501247599e-02
2.789473684210526017e+01 2.576534678914229204e+01 9.854605903348120921e-02
3.000000000000000000e+01 2.589613136936861792e+01 1.110213110270226039e-01
