-1.000000000000000000e+01 2.501184190143602137e+01 5.183928490070754957e-02
-7.894736842105263719e+00 2.490755527970619809e+01 4.778318007128122547e-02
-5.789473684210526550e+00 2.481292661662597254e+01 4.446122965921138481e-02
-3.684210526315789380e+00 2.457173284537266511e+01 3.732288806767682099e-02
-1.578947368421053099e+00 2.469921208853038408e+01 4.087464162525973610e-02
5.263157894736831821e-01 2.466374969376254711e+01 3.983936391392423060e-02
2.631578947368421240e+00 2.455647698801039525e+01 3.692823075511435238e-02
4.736842105263157521e+00 2.449848853903022672e+01 3.548342594687593776e-02
6.842105263157893802e+00 2.489795227753861795e+01 4.743111947169881271e-02
8.947368421052630083e+00 2.485215855371329496e+01 4.579931066857237387e-02
1.105263157894736636e+01 2.485576150365824688e+01 4.592492771816893138e-02
1.315789473684210265e+01 2.503793692335639776e+01 5.292419383781057918e-02
1.526315789473684248e+01 2.511355558668509502e+01 5.623781067794775268e-02
1.736842105263157876e+01 2.526860429610598047e+01 6.389492651739356321e-02
1.947368421052631504e+01 2.518346108716998089e+01 5.953926158290415160e-02
2.157894736842105132e+01 2.554112158451863124e+01 8.070418552859068284e-02
2.368421052631578760e+01 2.516248736199406011e+01 5.852365879888016265e-02
2.578947368421052744e+01 2.565125790781380744e+01 8.895405989783326806e-02
2.789473684210526017e+01 2.573177539281461890e+01 9.560564026322555808e-02
3.000000000000000000e+01 2.563382665834856411e+01 8.758524303511959486e-02
