-1.000000000000000000e+01 2.388787436859455227e+01 2.452334731267893919e-02
-7.894736842105263719e+00 2.384280796025602811e+01 2.395552408500813135e-02
-5.789473684210526550e+00 2.371393438804265941e+01 2.246988148967605375e-02
-3.684210526315789380e+00 2.362359778122066345e+01 2.153997038649671514e-02
-1.578947368421053099e+00 2.357636716239132824e+01 2.108714537834379191e-02
5.263157894736831821e-01 2.357175268796622092e+01 2.104407336702087544e-02
2.631578947368421240e+00 2.358260475416044599e+01 2.114569397491566916e-02
4.736842105263157521e+00 2.358799187641587025e+01 2.119656321210743391e-02
6.842105263157893802e+00 2.364792636654105706e+01 2.178195698899106775e-02
8.947368421052630083e+00 2.344538726465068379e+01 1.994069952773557669e-02
1.105263157894736636e+01 2.363372400921593908e+01 2.163995598057188302e-02
1.315789473684210265e+01 2.382740216680675971e+01 2.376738043960111707e-02
1.526315789473684248e+01 2.387464137173419232e+01 2.435387447649226336e-02
1.736842105263157876e+01 2.394251944264128085e+01 2.524815525196966171e-02
1.947368421052631504e+01 2.415047085184504638e+01 2.841128364232750961e-02
2.157894736842105132e+01 2.441055546060723813e+01 3.345070020671250116e-02
2.368421052631578760e+01 2.473092452159622923e+01 4.183300987482163613e-02
2.578947368421052744e+01 2.467985078627857476e+01 4.030473159315253739e-02
2.789473684210526017e+01 2.493823597607255138e+01 4.893159409708412733e-02
3.000000000000000000e+01 2.485651109359768896e+01 4.595112082459859582e-02
