-1.000000000000000000e+01 2.397789311051657890e+01 2.573956644086620657e-02
-7.894736842105263719e+00 2.393277949820462780e+01 2.511596093505252120e-02
-5.789473684210526550e+00 2.384179923417206837e+01 2.394311347628704650e-02
-3.684210526315789380e+00 2.374532400275428401e+01 2.281378882222413751e-02
-1.578947368421053099e+00 2.376863340010382331e+01 2.307645706489940343e-02
5.263157894736831821e-01 2.399837153994195660e+01 2.603234076724671511e-02
2.631578947368421240e+00 2.389172340030486552e+01 2.457307628510269765e-02
4.736842105263157521e+00 2.389531873226566105e+01 2.461970584955696859e-02
6.842105263157893802e+00 2.373592598157402378e+01 2.270965506896750058e-02
8.947368421052630083e+00 2.390682468876461186e+01 2.477009749607279876e-02
1.105263157894736636e+01 2.408343037819678401e+01 2.731668798258685832e-02
1.315789473684210265e+01 2.399170884522246538e+01 2.593640777862007973e-02
1.526315789473684248e+01 2.432159084880064270e+01 3.157312783622867602e-02
1.736842105263157876e+01 2.444779193461601707e+01 3.428907582627183093e-02
1.947368421052631504e+01 2.468318656277628165e+01 4.040211360279501174e-02
2.157894736842105132e+01 2.486907436294478302e+01 4.639314438904552917e-02
2.368421052631578760e+01 2.506011649206509162e+01 5.386951259889773136e-02
2.578947368421052744e+01 2.498081322193528919e+01 5.058662648705970766e-02
2.789473684210526017e+01 2.519611082317871009e+01 6.016248233076701424e-02
3.000000000000000000e+01 2.522905907554461891e+01 6.182438403648779501e-02
