-1.000000000000000000e+01 2.153926514755457333e+01 1.311563196580770724e-02
-7.894736842105263719e+00 2.107695292503156637e+01 1.269309749013416110e-02
-5.789473684210526550e+00 2.110404236113889098e+01 1.271270135599048348e-02
-3.684210526315789380e+00 2.091248961198994749e+01 1.258513117167246211e-02
-1.578947368421053099e+00 2.109754216768456558e+01 1.270794736783935862e-02
5.263157894736831821e-01 2.103648367195962265e+01 1.266481096623034951e-02
2.631578947368421240e+00 2.125809727428077167e+01 1.283520767541565175e-02
4.736842105263157521e+00 2.129979628400337077e+01 1.287184749458886168e-02
6.842105263157893802e+00 2.163881471653073518e+01 1.323604800715003950e-02
8.947368421052630083e+00 2.148806768639998666e+01 1.305834580696154171e-02
1.105263157894736636e+01 2.178975592345293677e+01 1.344387604665185990e-02
1.315789473684210265e+01 2.205079937550261704e+01 1.388911148254204364e-02
1.526315789473684248e+01 2.210124409711376714e+01 1.398982255882420117e-02
1.736842105263157876e+01 2.238299167693620007e+01 1.465950029804906525e-02
1.947368421052631504e+01 2.265210508381787236e+01 1.550861943385945310e-02
2.157894736842105132e+01 2.257237860079594327e+01 1.523210847025196872e-02
2.368421052631578760e+01 2.298144687846955492e+01 1.692497571221341507e-02
2.578947368421052744e+01 2.313920345206423690e+01 1.779356937750660103e-02
2.789473684210526017e+01 2.324055039044062099e+01 1.843078972847845415e-02
3.000000000000000000e+01 2.353699881175683473e+01 2.072616864157363070e-02
