-1.000000000000000000e+01 2.296471109819392709e+01 1.684083806056292307e-02
-7.894736842105263719e+00 2.232494451551494308e+01 1.450520799432921705e-02
-5.789473684210526550e+00 2.260036325410481695e+01 1.532659162526715975e-02
-3.684210526315789380e+00 2.282074154799830978e+01 1.617391320561485657e-02
-1.578947368421053099e+00 2.248849614459671997e+01 1.496467583447389643e-02
5.263157894736831821e-01 2.260509451561176419e+01 1.534283631449140026e-02
2.631578947368421240e+00 2.247543412194433188e+01 1.492507108695766138e-02
4.736842105263157521e+00 2.245235414781822314e+01 1.485638030067907775e-02
6.842105263157893802e+00 2.259772880798103500e+01 1.531758054907875546e-02
8.947368421052630083e+00 2.275078462786051503e+01 1.588384254821928118e-02
1.105263157894736636e+01 2.271861267541151364e+01 1.575729823318610529e-02
1.315789473684210265e+01 2.302086760464146309e+01 1.712898450931741104e-02
1.526315789473684248e+01 2.318094967085935210e+01 1.804802209357054404e-02
1.736842105263157876e+01 2.342563917638198845e+01 1.978087156273692152e-02
1.947368421052631504e+01 2.371462414275678654e+01 2.247731968179040446e-02
2.157894736842105132e+01 2.342706680388749518e+01 1.979231717696740278e-02
2.368421052631578760e+01 2.377204270239033335e+01 2.311540689554893863e-02
2.578947368421052744e+01 2.407928434990584421e+01 2.725144298556783640e-02
2.789473684210526017e+01 2.402110904889406129e+01 2.636472719153382799e-02
3.000000000000000000e+01 2.414980506019673712e+01 2.840003736547861909e-02
