-1.000000000000000000e+01 2.472421744691096990e+01 4.162770075544333648e-02
-7.894736842105263719e+00 2.461664506606598835e+01 3.852137861578094902e-02
-5.789473684210526550e+00 2.468206530599413639e+01 4.036934319830705331e-02
-3.684210526315789380e+00 2.480776997845374865e+01 4.428933754843765447e-02
-1.578947368421053099e+00 2.463073411323637885e+01 3.890891123717603317e-02
5.263157894736831821e-01 2.480538369773909935e+01 4.421010128676143569e-02
2.631578947368421240e+00 2.478466755205100469e+01 4.353034331648217292e-02
4.736842105263157521e+00 2.476159626661910096e+01 4.279017724829149716e-02
6.842105263157893802e+00 2.471263058994699691e+01 4.127634075669324443e-02
8.947368421052630083e+00 2.475927237276362547e+01 4.271659285211004686e-02
1.105263157894736636e+01 2.473532202480015130e+01 4.196839268386488159e-02
1.315789473684210265e+01 2.494900744990433950e+01 4.934346433429041834e-02
1.526315789473684248e+01 2.518152953289855844e+01 5.944481107720744895e-02
1.736842105263157876e+01 2.524822214335755888e+01 6.281721474922952186e-02
1.947368421052631504e+01 2.507840361298833542e+01 5.466533287117118778e-02
2.157894736842105132e+01 2.541595973469405934e+01 7.239709762545594451e-02
2.368421052631578760e+01 2.558623232333843234e+01 8.397055051429289096e-02
2.578947368421052744e+01 2.574605692330766971e+01 9.684410605710645770e-02
2.789473684210526017e+01 2.583109534273032537e+01 1.046077409772641770e-01
3.000000000000000000e+01 2.590154788586084678e+01 1.115750907481405513e-01
