-1.000000000000000000e+01 2.382914032397408022e+01 2.378845867428415126e-02
-7.894736842105263719e+00 2.395453225389744745e+01 2.541303426056441134e-02
-5.789473684210526550e+00 2.391450037055074063e+01 2.487141982192501988e-02
-3.684210526315789380e+00 2.361595742649254959e+01 2.146521712079792199e-02
-1.578947368421053099e+00 2.375600926022413262e+01 2.293341625677351725e-02
5.263157894736831821e-01 2.401430536237288749e+01 2.626445093136424436e-02
2.631578947368421240e+00 2.396218848824715764e+01 2.551918716325084907e-02
4.736842105263157521e+00 2.385977229940289845e+01 2.416618340602099541e-02
6.842105263157893802e+00 2.391425184859315323e+01 2.486812666532974003e-02
8.947368421052630083e+00 2.396242142089120364e+01 2.552242988542302582e-02
1.105263157894736636e+01 2.408406026896336272e+01 2.732662480823416090e-02
1.315789473684210265e+01 2.430750334919346400e+01 3.129127331126680539e-02
1.526315789473684248e+01 2.450341725082267885e+01 3.560290011784062597e-02
1.736842105263157876e+01 2.437563924633968782e+01 3.269323584974520580e-02
1.947368421052631504e+01 2.445861807884562822e+01 3.453891776513202949e-02
2.157894736842105132e+01 2.474667183448146091e+01 4.232065712368994481e-02
2.368421052631578760e+01 2.478774735847605015e+01 4.363048562678498166e-02
2.578947368421052744e+01 2.492118323213912490e+01 4.828881463579595690e-02
2.789473684210526017e+01 2.523848112266488286e+01 6.231008862842307705e-02
3.000000000000000000e+01 2.519612514434395578e+01 6.016319250865277690e-02
