-1.000000000000000000e+01 2.429817749932234960e+01 3.110692352345544726e-02
-7.894736842105263719e+00 2.429612591800352561e+01 3.106660565017494921e-02
-5.789473684210526550e+00 2.406910358311211340e+01 2.709240753940875962e-02
-3.684210526315789380e+00 2.411226830438358704e+01 2.777829151535318036e-02
-1.578947368421053099e+00 2.434507939077833072e+01 3.205225980046825379e-02
5.263157894736831821e-01 2.436871843549309702e+01 3.254630408925777985e-02
2.631578947368421240e+00 2.444666271597931839e+01 3.426317614748794482e-02
4.736842105263157521e+00 2.427309090418065551e+01 3.061971772649394602e-02
6.842105263157893802e+00 2.461781644394264035e+01 3.855338464216627459e-02
8.947368421052630083e+00 2.445993935775876338e+01 3.456960090012933806e-02
1.105263157894736636e+01 2.480962930466673200e+01 4.435121141037901005e-02
1.315789473684210265e+01 2.466645120346623088e+01 3.991690764703563488e-02
1.526315789473684248e+01 2.490172793078364677e+01 4.756912552332798194e-02
1.736842105263157876e+01 2.483412681248387699e+01 4.517758764297445662e-02
1.947368421052631504e+01 2.494702874857098607e+01 4.926746159343339815e-02
2.157894736842105132e+01 2.525981707251149544e+01 6.342752497060366590e-02
2.368421052631578760e+01 2.537030680928837256e+01 6.962381359770523914e-02
2.578947368421052744e+01 2.514352588638566388e+01 5.762418145876085918e-02
2.789473684210526017e+01 2.546664100337009629e+01 7.563244422153257707e-02
3.000000000000000000e+01 2.589475567790846355e+01 1.108811527022241089e-01
