-1.000000000000000000e+01 2.486680706208159108e+01 4.631294871569913152e-02
-7.894736842105263719e+00 2.493648509103327271e+01 4.886507581762329633e-02
-5.789473684210526550e+00 2.475165310353887804e+01 4.247656552452212797e-02
-3.684210526315789380e+00 2.483079815786035383e+01 4.506407447085097884e-02
-1.578947368421053099e+00 2.476394216138214688e+01 4.286463707777162652e-02
5.263157894736831821e-01 2.482050911888483569e+01 4.471564929765162177e-02
2.631578947368421240e+00 2.482948608202335450e+01 4.501943708910470521e-02
4.736842105263157521e+00 2.476543002095574764e+01 4.291195574885940667e-02
6.842105263157893802e+00 2.490500472967366363e+01 4.768933329028007817e-02
8.947368421052630083e+00 2.508540120677187346e+01 5.497384059720239469e-02
1.105263157894736636e+01 2.495059810035149894e+01 4.940467424774097616e-02
1.315789473684210265e+01 2.537930401024569349e+01 7.016010308051336131e-02
1.526315789473684248e+01 2.534571674324042689e+01 6.818318446421633983e-02
1.736842105263157876e+01 2.535187795721349246e+01 6.854072691574070175e-02
1.947368421052631504e+01 2.551189305871674406e+01 7.866738577161781765e-02
2.157894736842105132e+01 2.551082159265900628e+01 7.859387871513696944e-02
2.368421052631578760e+01 2.558515909756123818e+01 8.389106596510777225e-02
2.578947368421052744e+01 2.606768501303149677e+01 1.301517780336634011e-01
2.789473684210526017e+01 2.566510061195867465e+01 9.005871782196972486e-02
3.000000000000000000e+01 2.637135951828644309e+01 1.735216548746148224e-01
