-1.000000000000000000e+01 2.367537222313550771e+01 2.206232601362544121e-02
-7.894736842105263719e+00 2.360270704616002391e+01 2.133696146959664086e-02
-5.789473684210526550e+00 2.367988565517480382e+01 2.210919564255976397e-02
-3.684210526315789380e+00 2.385146918609139988e+01 2.406261746187642048e-02
-1.578947368421053099e+00 2.375043871137112816e+01 2.287088664507510444e-02
5.263157894736831821e-01 2.366208154809356046e+01 2.192556761070246774e-02
2.631578947368421240e+00 2.369783740755598700e+01 2.229778622078237502e-02
4.736842105263157521e+00 2.399461000415050194e+01 2.597809931403918804e-02
6.842105263157893802e+00 2.405526918637457712e+01 2.687895267082966722e-02
8.947368421052630083e+00 2.413702829098948044e+01 2.818570432449657437e-02
1.105263157894736636e+01 2.449143932372448518e+01 3.531360007543117574e-02
1.315789473684210265e+01 2.467502545612008191e+01 4.016445526053823156e-02
1.526315789473684248e+01 2.474459275781918777e+01 4.225582039688845215e-02
1.736842105263157876e+01 2.482272048090712602e+01 4.479022315762569428e-02
1.947368421052631504e+01 2.483681017673095326e+01 4.526937888372459251e-02
2.157894736842105132e+01 2.504179092200476830e+01 5.308690988044523218e-02
2.368421052631578760e+01 2.560809809369660783e+01 8.560923080684772202e-02
2.578947368421052744e+01 2.516315687035027793e+01 5.855574041845450217e-02
2.789473684210526017e+01 2.562597425799770789e+01 8.697660130885367935e-02
3.000000000000000000e+01 2.567937917653794244e+01 9.121477412556283637e-02
