-1.000000000000000000e+01 2.556198648207237767e+01 8.219611908092502861e-02
-7.894736842105263719e+00 2.533309181270085375e+01 6.745759250560630360e-02
-5.789473684210526550e+00 2.515905770626292082e+01 5.835966231360158185e-02
-3.684210526315789380e+00 2.511879255688619139e+01 5.647698902232388407e-02
-1.578947368421053099e+00 2.504068147365132191e+01 5.304000270656493432e-02
5.263157894736831821e-01 2.491642530686899804e+01 4.811147582776693910e-02
2.631578947368421240e+00 2.529353095820989950e+01 6.524404704391331689e-02
4.736842105263157521e+00 2.518576164862965072e+01 5.965200143339897954e-02
6.842105263157893802e+00 2.508103754728214341e+01 5.478119615275961474e-02
8.947368421052630083e+00 2.528455056723385752e+01 6.475400115793647493e-02
1.105263157894736636e+01 2.511735012382560583e+01 5.641098273384773099e-02
1.315789473684210265e+01 2.522165207639688234e+01 6.144584910727902971e-02
1.526315789473684248e+01 2.536810114670200633e+01 6.949309880122933603e-02
1.736842105263157876e+01 2.528667817993332889e+01 6.486969239874910975e-02
1.947368421052631504e+01 2.555419405296361290e+01 8.163517234221512320e-02
2.157894736842105132e+01 2.545633801746737035e+01 7.496098917826236885e-02
2.368421052631578760e+01 2.545858983632126638e+01 7.510713462007205521e-02
2.578947368421052744e+01 2.546340437547464575e+01 7.542074236754854610e-02
2.789473684210526017e+01 2.579063329847824093e+01 1.008289159983637995e-01
3.000000000000000000e+01 2.588211808077460319e+01 1.096028541013431418e-01
