-1.000000000000000000e+01 2.408435369933770787e+01 2.733125601237087338e-02
-7.894736842105263719e+00 2.348160012646767925e+01 2.024236105588938378e-02
-5.789473684210526550e+00 2.332791498544035136e+01 1.903606899941718764e-02
-3.684210526315789380e+00 2.309479256622585908e+01 1.753461642610514709e-02
-1.578947368421053099e+00 2.290677633379903355e+01 1.656052204441248871e-02
5.263157894736831821e-01 2.284686734123546614e+01 1.628771363386026516e-02
2.631578947368421240e+00 2.280545171302963325e+01 1.610871900953462360e-02
4.736842105263157521e+00 2.297777940547821274e+01 1.690641357282914384e-02
6.842105263157893802e+00 2.284979427825204468e+01 1.630065471140341657e-02
8.947368421052630083e+00 2.283614670195410312e+01 1.624064533800300553e-02
1.105263157894736636e+01 2.298848535682859051e+01 1.696079642333375367e-02
1.315789473684210265e+01 2.301075360287591920e+01 1.707585059385573895e-02
1.526315789473684248e+01 2.333107895967556189e+01 1.905902770202300492e-02
1.736842105263157876e+01 2.342351886201162969e+01 1.976390353927786475e-02
1.947368421052631504e+01 2.340995480748712509e+01 1.965622794596779549e-02
2.157894736842105132e+01 2.384392062909014243e+01 2.396922848606291082e-02
2.368421052631578760e+01 2.392757279027210160e+01 2.504583535527244928e-02
2.578947368421052744e+01 2.424198797592887900e+01 3.003288315475173206e-02
2.789473684210526017e+01 2.450270172048701056e+01 3.558551770038045903e-02
3.000000000000000000e+01 2.432532774795678066e+01 3.164858215369970029e-02
