-1.000000000000000000e+01 2.225608390562599226e+01 1.433373862501246751e-02
-7.894736842105263719e+00 2.221853874195145906e+01 1.424524424908727230e-02
-5.789473684210526550e+00 2.186059174765714985e+01 1.355311895252693348e-02
-3.684210526315789380e+00 2.199618724671990222e+01 1.378581857449963019e-02
-1.578947368421053099e+00 2.185274482732018342e+01 1.354062132832079685e-02
5.263157894736831821e-01 2.196161730932118061e+01 1.372337230974703635e-02
2.631578947368421240e+00 2.209349339869862305e+01 1.397400643079832125e-02
4.736842105263157521e+00 2.205623881213444193e+01 1.389972122752120356e-02
6.842105263157893802e+00 2.213772373952513917e+01 1.406598191390602895e-02
8.947368421052630083e+00 2.218069793062765527e+01 1.415944809634503941e-02
1.105263157894736636e+01 2.264850135070596338e+01 1.549562491694004771e-02
1.315789473684210265e+01 2.283510528557577857e+01 1.623610068989075894e-02
1.526315789473684248e+01 2.290442155459485107e+01 1.654947833165182694e-02
1.736842105263157876e+01 2.295918530556664194e+01 1.681337449023949382e-02
1.947368421052631504e+01 2.313123406167791174e+01 1.774622510281408105e-02
2.157894736842105132e+01 2.323299517970781025e+01 1.838095873745596021e-02
2.368421052631578760e+01 2.354988654818523486e+01 2.084273187478396031e-02
2.578947368421052744e+01 2.419628004975061586e+01 2.920388387247796827e-02
2.789473684210526017e+01 2.390373985378473520e+01 2.472960138190574003e-02
3.000000000000000000e+01 2.440148707063201883e+01 3.325134735092319382e-02
