-1.000000000000000000e+01 2.451320512610536184e+01 3.584196771745370991e-02
-7.894736842105263719e+00 2.443851977735972625e+01 3.407729913245724496e-02
-5.789473684210526550e+00 2.420380385658350875e+01 2.933767401447723300e-02
-3.684210526315789380e+00 2.453793992239352306e+01 3.645695916416578225e-02
-1.578947368421053099e+00 2.437368222933272932e+01 3.265158131796588870e-02
5.263157894736831821e-01 2.443988720068073661e+01 3.410840421883247486e-02
2.631578947368421240e+00 2.431373791172351062e+01 3.141550668127616325e-02
4.736842105263157521e+00 2.445194482846846995e+01 3.438458573880040503e-02
6.842105263157893802e+00 2.469670202949835769e+01 4.080011418816487101e-02
8.947368421052630083e+00 2.466261417560174962e+01 3.980683449815282382e-02
1.105263157894736636e+01 2.487462424045176235e+01 4.659023840192361154e-02
1.315789473684210265e+01 2.497527301443439285e+01 5.036714318725422912e-02
1.526315789473684248e+01 2.477075820881227486e+01 4.308200493244383061e-02
1.736842105263157876e+01 2.533330448046324435e+01 6.746973720996075896e-02
1.947368421052631504e+01 2.537438982279744693e+01 6.986657114103833610e-02
2.157894736842105132e+01 2.543151121565589534e+01 7.337196642392816714e-02
2.368421052631578760e+01 2.545011713087561134e+01 7.455900363604422987e-02
2.578947368421052744e+01 2.568976162547104636e+01 9.206612008980195883e-02
2.789473684210526017e+01 2.585403653493988330e+01 1.068212396376814755e-01
3.000000000000000000e+01 2.566730432601707435e+01 9.023603310806609101e-02
