-1.000000000000000000e+01 2.421066527884060804e+01 2.946059235187183101e-02
-7.894736842105263719e+00 2.384074016863881340e+01 2.393009739194925517e-02
-5.789473684210526550e+00 2.394617008651720269e+01 2.529804577595059709e-02
-3.684210526315789380e+00 2.379335812712371734e+01 2.336205085175386414e-02
-1.578947368421053099e+00 2.403530003900970513e+01 2.657615566542566310e-02
5.263157894736831821e-01 2.367363689431313745e+01 2.204436342338144533e-02
2.631578947368421240e+00 2.404179930510010621e+01 2.667402304265595325e-02
4.736842105263157521e+00 2.414916448527017678e+01 2.838922431361793480e-02
6.842105263157893802e+00 2.418291504816697213e+01 2.896876497650622759e-02
8.947368421052630083e+00 2.419011123304036559e+01 2.909495911412876903e-02
1.105263157894736636e+01 2.451655290657898334e+01 3.592429134519860290e-02
1.315789473684210265e+01 2.446172146295855043e+01 3.461105165492962821e-02
1.526315789473684248e+01 2.465238722055300258e+01 3.951556829325905684e-02
1.736842105263157876e+01 2.499589452950511159e+01 5.119047605445220528e-02
1.947368421052631504e+01 2.475546582806822471e+01 4.259644115393518282e-02
2.157894736842105132e+01 2.511397316966183979e+01 5.625683488227535556e-02
2.368421052631578760e+01 2.531341007432494905e+01 6.634507155453328586e-02
2.578947368421052744e+01 2.524038664418349498e+01 6.240889200082107291e-02
2.789473684210526017e+01 2.545310331691401728e+01 7.475164574656513461e-02
3.000000000000000000e+01 2.564663959294684759e+01 8.858900376325655468e-02
