-1.000000000000000000e+01 2.395912369299543343e+01 2.547659362414954332e-02
-7.894736842105263719e+00 2.393725202868827040e+01 2.517649927330779802e-02
-5.789473684210526550e+00 2.394442305103108026e+01 2.527414699589561331e-02
-3.684210526315789380e+00 2.402955119615580060e+01 2.649013248948886914e-02
-1.578947368421053099e+00 2.391632804514887667e+01 2.489566418334217268e-02
5.263157894736831821e-01 2.393561897733300370e+01 2.515436264137352329e-02
2.631578947368421240e+00 2.390967031784377994e+01 2.480756766108415529e-02
4.736842105263157521e+00 2.423472573950804687e+01 2.989854802347309895e-02
6.842105263157893802e+00 2.421241470682783259e+01 2.949207149929002417e-02
8.947368421052630083e+00 2.461266168452714709e+01 3.841282746551871741e-02
1.105263157894736636e+01 2.443152397596894332e+01 3.391884741087498878e-02
1.315789473684210265e+01 2.470150254985033555e+01 4.094281714989299326e-02
1.526315789473684248e+01 2.495020464028946350e+01 4.938952415502374793e-02
1.736842105263157876e+01 2.510446426599161995e+01 5.582565025739630316e-02
1.947368421052631504e+01 2.530215309085554054e+01 6.571882619172345064e-02
2.157894736842105132e+01 2.531750105544779927e+01 6.657446412249584666e-02
2.368421052631578760e+01 2.542519459939884641e+01 7.297411606040755949e-02
2.578947368421052744e+01 2.547179231998942228e+01 7.597084067988198186e-02
2.789473684210526017e+01 2.584936251800180074e+01 1.063660126071304807e-01
3.000000000000000000e+01 2.584240984797962426e+01 1.056928958492219794e-01
