-1.000000000000000000e+01 2.463915568010104451e+01 3.914325316460104398e-02
-7.894736842105263719e+00 2.444100863692791137e+01 3.413394648719812741e-02
-5.789473684210526550e+00 2.470186981430076045e+01 4.095376373184747565e-02
-3.684210526315789380e+00 2.467842006563376600e+01 4.026306665234542781e-02
-1.578947368421053099e+00 2.446550096473632863e+01 3.469921282217673653e-02
5.263157894736831821e-01 2.416992324418844262e+01 2.874329175956838803e-02
2.631578947368421240e+00 2.445139166484751669e+01 3.437184027257182001e-02
4.736842105263157521e+00 2.443498360640614209e+01 3.399706382059384385e-02
6.842105263157893802e+00 2.443090894126599366e+01 3.390497165798059265e-02
8.947368421052630083e+00 2.425171038779976485e+01 3.021430578063867903e-02
1.105263157894736636e+01 2.433163034392517687e+01 3.177650181438493315e-02
1.315789473684210265e+01 2.462363030451616552e+01 3.871281158889261498e-02
1.526315789473684248e+01 2.456990572861315414e+01 3.727529454838200695e-02
1.736842105263157876e+01 2.479018603541701538e+01 4.371000669526114990e-02
1.947368421052631504e+01 2.464683740499090092e+01 3.935878725720923232e-02
2.157894736842105132e+01 2.480778234856802911e+01 4.428974880452254959e-02
2.368421052631578760e+01 2.498389960488481876e+01 5.070944209988353935e-02
2.578947368421052744e+01 2.549102914165728961e+01 7.725051704763857829e-02
2.789473684210526017e+01 2.535894430899815433e+01 6.895359775670180380e-02
3.000000000000000000e+01 2.552324889199460856e+01 7.945144804451478859e-02
