-1.000000000000000000e+01 2.467463991567366222e+01 4.015327731910097592e-02
-7.894736842105263719e+00 2.447448120631660373e+01 3.491006829677191503e-02
-5.789473684210526550e+00 2.470021931410165905e+01 4.090460186497563155e-02
-3.684210526315789380e+00 2.469400029177434774e+01 4.072011046307875970e-02
-1.578947368421053099e+00 2.452111296217380598e+01 3.603688291539146327e-02
5.263157894736831821e-01 2.477315369314297655e+01 4.315876136359865500e-02
2.631578947368421240e+00 2.477255112509358526e+01 4.313943597237594740e-02
4.736842105263157521e+00 2.464752813599471892e+01 3.937825147514327495e-02
6.842105263157893802e+00 2.495900877005078300e+01 4.972999741002176455e-02
8.947368421052630083e+00 2.514158383303292510e+01 5.753304359664228318e-02
1.105263157894736636e+01 2.515682349155434139e+01 5.825313953976851700e-02
1.315789473684210265e+01 2.515331425766228435e+01 5.808632039081093601e-02
1.526315789473684248e+01 2.543647267045226812e+01 7.368628174521422991e-02
1.736842105263157876e+01 2.550880130797577294e+01 7.845549914051069829e-02
1.947368421052631504e+01 2.570888224193610228e+01 9.365799662075320609e-02
2.157894736842105132e+01 2.586532678100916982e+01 1.079299356046164310e-01
2.368421052631578760e+01 2.592165826506179371e+01 1.136583902587054162e-01
2.578947368421052744e+01 2.599791858607860107e+01 1.219622565471109449e-01
2.789473684210526017e+01 2.630099387070673700e+01 1.622332944988993386e-01
3.000000000000000000e+01 2.633271004233722223e+01 1.672202333358417670e-01
