-1.000000000000000000e+01 2.385949618334619515e+01 2.416272511916907687e-02
-7.894736842105263719e+00 2.387498634513567453e+01 2.435826324476302041e-02
-5.789473684210526550e+00 2.364084177143104526e+01 2.171086273455417881e-02
-3.684210526315789380e+00 2.374052331072157429e+01 2.276046938424092572e-02
-1.578947368421053099e+00 2.351731047236681960e+01 2.055105702804824880e-02
5.263157894736831821e-01 2.353437195349767208e+01 2.070259917315388221e-02
2.631578947368421240e+00 2.343728763071353072e+01 1.987475310704975989e-02
4.736842105263157521e+00 2.371414713459565249e+01 2.247217514728846316e-02
6.842105263157893802e+00 2.371564736183546884e+01 2.248836362943314876e-02
8.947368421052630083e+00 2.378893553699516517e+01 2.331043040939272115e-02
1.105263157894736636e+01 2.385397362909373697e+01 2.409376254490424099e-02
1.315789473684210265e+01 2.434026920055508825e+01 3.195319319445473483e-02
1.526315789473684248e+01 2.444047159810707015e+01 3.412171100201848162e-02
1.736842105263157876e+01 2.431314705305639734e+01 3.140369866436705515e-02
1.947368421052631504e+01 2.446051210010890387e+01 3.458291426885461151e-02
2.157894736842105132e+01 2.470837167741737517e+01 4.114824333673737511e-02
2.368421052631578760e+01 2.464604256513866432e+01 3.933640646252928308e-02
2.578947368421052744e+01 2.481162875334467444e+01 4.441788051836713380e-02
2.789473684210526017e+01 2.513732824021575496e+01 5.733397059784142713e-02
3.000000000000000000e+01 2.505680668517247156e+01 5.372707078604227471e-02
