-1.000000000000000000e+01 2.424401814284096446e+01 3.007061670075926452e-02
-7.894736842105263719e+00 2.384189113472032417e+01 2.394424361807172968e-02
-5.789473684210526550e+00 2.392467621310946058e+01 2.500698578075704129e-02
-3.684210526315789380e+00 2.348536153070969590e+01 2.027434408633391194e-02
-1.578947368421053099e+00 2.354992781592429552e+01 2.084310761102246140e-02
5.263157894736831821e-01 2.334495944992668015e+01 1.916063701108188660e-02
2.631578947368421240e+00 2.383346015199003887e+01 2.384100790796206404e-02
4.736842105263157521e+00 2.365577167690130622e+01 2.186129253764443683e-02
6.842105263157893802e+00 2.378023970411379295e+01 2.320961561104799287e-02
8.947368421052630083e+00 2.367954673833927615e+01 2.210566860003487788e-02
1.105263157894736636e+01 2.378503735841889366e+01 2.326512538933082561e-02
1.315789473684210265e+01 2.387883421595265787e+01 2.440732185448405908e-02
1.526315789473684248e+01 2.410985172215667305e+01 2.773908140253386959e-02
1.736842105263157876e+01 2.409519279788066015e+01 2.750331337971403250e-02
1.947368421052631504e+01 2.407444696930199157e+01 2.717566957580182588e-02
2.157894736842105132e+01 2.442388409027142870e+01 3.374710628721365457e-02
2.368421052631578760e+01 2.485253097655051135e+01 4.581227362735407205e-02
2.578947368421052744e+01 2.445282816981298879e+01 3.440495390148659571e-02
2.789473684210526017e+01 2.471497233154215678e+01 4.134701418469600986e-02
3.000000000000000000e+01 2.481305336081876334e+01 4.446546607032685061e-02
