-1.000000000000000000e+01 2.424964485519843294e+01 3.017561035095631464e-02
-7.894736842105263719e+00 2.396679259956008679e+01 2.558342677522544573e-02
-5.789473684210526550e+00 2.408505960796621181e+01 2.734240308385947268e-02
-3.684210526315789380e+00 2.415731767948149056e+01 2.852738582304097451e-02
-1.578947368421053099e+00 2.365517443103951933e+01 2.185523033860943196e-02
5.263157894736831821e-01 2.380423948187516103e+01 2.349006310325792851e-02
2.631578947368421240e+00 2.386371434173183204e+01 2.421566389955245868e-02
4.736842105263157521e+00 2.389559603567401069e+01 2.462330950420776182e-02
6.842105263157893802e+00 2.416066710071201129e+01 2.858448104084954089e-02
8.947368421052630083e+00 2.423561398971249048e+01 2.991492480105730975e-02
1.105263157894736636e+01 2.426329963434426062e+01 3.043295012006276556e-02
1.315789473684210265e+01 2.431797475501820571e+01 3.150038865467418014e-02
1.526315789473684248e+01 2.452521844006994201e+01 3.613870378748538364e-02
1.736842105263157876e+01 2.501693612020396529e+01 5.204879516675316176e-02
1.947368421052631504e+01 2.509632046260509952e+01 5.545970774825008387e-02
2.157894736842105132e+01 2.509575201485786877e+01 5.543427888252305813e-02
2.368421052631578760e+01 2.525705024902462270e+01 6.328122799612517779e-02
2.578947368421052744e+01 2.552717697725991286e+01 7.972480330843208229e-02
2.789473684210526017e+01 2.549640746415668957e+01 7.761285227261933983e-02
3.000000000000000000e+01 2.577172456641285692e+01 9.911624967716858858e-02
