-1.986620569999999830e+01 -1.316067415999999923e+01
-1.903128780999999847e+01 -1.377022471999999986e+01
-1.781469317000000174e+01 -1.445842696999999966e+01
-1.618530682999999826e+01 -1.542191011000000067e+01
-1.495315470999999974e+01 -1.620842697000000143e+01
-1.334243734000000003e+01 -1.705393258000000145e+01
-1.176283491999999953e+01 -1.770280899000000119e+01
-1.020812446000000051e+01 -1.819438201999999905e+01
-8.668971479999999730e+00 -1.858764044999999854e+01
-7.151598960000000282e+00 -1.884325842999999878e+01
-4.905099390000000170e+00 -1.903988763999999989e+01
-2.295592050000000217e+00 -1.919719101000000094e+01
0.000000000000000000e+00 -1.919999999999999929e+01
3.605877270000000134e+00 -1.915786517000000089e+01
5.796369920000000064e+00 -1.900056179999999983e+01
7.974416589999999694e+00 -1.876460674000000139e+01
1.052169403999999986e+01 -1.852865169000000023e+01
1.232428694999999941e+01 -1.825337079000000173e+01
1.523457216999999986e+01 -1.797808988999999968e+01
1.777562662000000060e+01 -1.770280899000000119e+01
1.995056179999999912e+01 -1.744719101000000094e+01
2.249783924000000113e+01 -1.721123595999999978e+01
2.431287813000000142e+01 -1.701460674000000139e+01
2.612169404000000128e+01 -1.677865169000000023e+01
2.904753673000000092e+01 -1.660168539000000010e+01
3.160726015999999916e+01 -1.644438201999999905e+01
3.491477960000000280e+01 -1.634606742000000068e+01
3.969922213000000255e+01 -1.624775281000000149e+01
4.522212618999999734e+01 -1.614943819999999874e+01
5.000345722000000137e+01 -1.603146067000000130e+01
5.516024200999999749e+01 -1.595280898999999941e+01
6.104926533999999805e+01 -1.583483146000000019e+01
6.731063093999999580e+01 -1.573651684999999922e+01
7.430734658999999453e+01 -1.561853933000000083e+01
8.130717373000000237e+01 -1.552022471999999986e+01
8.756542783000000441e+01 -1.540224719000000064e+01
9.382679342999999506e+01 -1.530393257999999967e+01
1.004573898000000014e+02 -1.520561797999999953e+01
1.067156439099999972e+02 -1.508764045000000031e+01
1.118755401899999953e+02 -1.502865169000000023e+01
1.196107173700000033e+02 -1.491067415999999923e+01
1.254997407099999975e+02 -1.479269663000000001e+01
1.336010371700000121e+02 -1.465505618000000077e+01
1.424407951599999933e+02 -1.451741572999999974e+01
1.520127917000000082e+02 -1.434044944000000044e+01
