8.669679435879547036e-01
4.419833491945578952e-01
9.487358735215351002e-01
1.184058847535774284e+00
2.129323285653046405e-01
3.655880702953379080e-01
6.330711160350225297e-01
5.615262172520318895e-01
6.159573265771209893e-01
6.326507901106572795e-01
8.996083511147771050e-01
1.034498119135114136e+00
6.579847398142699699e-01
7.821018411146620775e-01
7.897431714529868918e-01
8.188788712573897843e-01
9.762445717981189652e-01
8.919545856977684206e-01
9.716682847166830950e-01
9.579869559916809330e-01
5.241144250986631281e-01
6.339601786137757378e-01
6.291595988914834292e-01
7.387496713764751810e-01
4.908947954733712815e-01
1.009358717379922776e+00
7.338004894975521664e-01
5.904293692509047231e-01
8.566545101079002800e-01
9.604840719062980314e-01
8.933975670909956035e-01
3.429558143663185010e-01
8.663903032959254791e-01
7.753056423182904666e-01
7.898403897272429086e-01
3.516056025750855518e-01
8.457966948339745716e-01
6.874183479138902264e-01
9.180870480129759148e-01
6.816124216406659331e-01
7.520465641665383671e-01
4.971509800807383250e-01
9.467633064545404320e-01
7.720805291214115629e-01
1.065849215753253532e+00
4.136787489060015921e-01
6.924182758187032993e-01
4.627215666408793782e-01
9.356411953485255228e-01
8.811562171156235301e-01
9.238513526865947956e-01
6.991849456353024239e-01
7.872213880089989901e-01
6.934260344608419446e-01
5.312738254954065820e-01
9.614270970606518807e-01
7.695232119910104807e-01
5.715971477889966179e-01
4.949345005345411330e-01
9.628931364957917793e-01
9.467319683978294709e-01
7.144565815031452827e-01
7.424575663455098562e-01
3.978445810705759089e-01
8.593001266680768691e-01
5.068177103369728709e-01
9.073049259300712821e-01
8.796059743373274564e-01
6.085065386346966143e-01
5.967394694424761337e-01
1.183597075866766213e+00
8.802430203589590718e-01
4.734121748639688598e-01
7.362923198183014550e-01
5.785775183592817283e-01
9.610366249303015085e-01
1.142368227774210876e+00
6.481949915488302016e-01
1.262887927902933694e+00
9.255851140810315014e-01
9.758526738214526874e-01
1.079119526375860172e+00
8.141223507251486025e-01
7.682233566522744805e-01
6.629536648967327972e-01
7.120368425722934935e-01
8.824021017029014535e-01
8.664073529913769445e-01
5.076840832541815729e-01
9.178793782453482653e-01
8.073362598717966909e-01
8.341020963924087317e-01
4.779532338465720120e-01
7.277457641187481396e-01
6.426305565680745513e-01
7.303142770755697288e-01
7.254899721353337272e-01
1.108480223405553078e+00
5.067450505927592053e-01
6.645244951492704777e-01
6.258883399489377775e-01
6.612170546135843763e-01
4.061410066977514388e-01
6.157097397875276323e-01
5.965958158780887421e-01
8.045496464281438609e-01
6.957824694886020067e-01
1.199714001408322517e+00
9.762411090126701385e-01
4.269382159618534400e-01
1.120789171968682663e+00
3.895728518044026534e-01
4.681093165857758143e-01
8.134776030107548905e-01
1.060789525032317826e+00
6.296339532193300226e-01
7.630848367075159233e-01
7.811270183141577617e-01
7.257793277092688955e-01
3.490103176522186823e-01
6.664681151249507440e-01
6.938904353900323674e-01
1.002212319145482144e+00
3.476660978708863148e-01
6.313657727881006876e-01
7.230652630958102067e-01
5.328057988865682049e-01
8.719783804853507014e-01
8.850198013743870717e-01
1.134732660633728463e+00
7.973049373973525311e-01
2.268840849619515598e-01
3.462627993329407960e-01
9.432189810383183604e-01
7.190447021543915351e-01
6.660642059296224549e-01
6.497297745526812163e-01
5.672318956003794543e-01
6.837397094308585999e-01
6.956801910572094627e-01
7.428759714083026378e-01
6.365120929995843335e-01
9.352242677420157246e-01
4.593565818740912854e-01
1.038930431106567687e+00
8.736931422778950740e-01
7.203108118269886395e-01
5.229195504538703965e-01
7.836184707374661551e-01
7.205274697875005963e-01
