-1.000000000000000000e+01 2.371691967481453034e+01 2.250211236980901447e-02
-7.894736842105263719e+00 2.389323675689887949e+01 2.459268268908452321e-02
-5.789473684210526550e+00 2.359647095448509191e+01 2.127720275207089368e-02
-3.684210526315789380e+00 2.357187538295489659e+01 2.104521596922658694e-02
-1.578947368421053099e+00 2.353707254865991061e+01 2.072683116571147344e-02
5.263157894736831821e-01 2.369896181469290397e+01 2.230971498920443497e-02
2.631578947368421240e+00 2.340318363744012231e+01 1.960303643982530888e-02
4.736842105263157521e+00 2.335712194920523999e+01 1.925087165896174207e-02
6.842105263157893802e+00 2.336294371638007661e+01 1.929446539101824926e-02
8.947368421052630083e+00 2.335463161060628678e+01 1.923230350733913172e-02
1.105263157894736636e+01 2.347878203543010756e+01 2.021848000335036560e-02
1.315789473684210265e+01 2.374148620801901188e+01 2.277114279466195546e-02
1.526315789473684248e+01 2.385591495401759587e+01 2.411796004517946512e-02
1.736842105263157876e+01 2.383544795371441083e+01 2.386526747048419578e-02
1.947368421052631504e+01 2.388160139555783701e+01 2.444272248121111268e-02
2.157894736842105132e+01 2.412361619686514302e+01 2.796372644042702249e-02
2.368421052631578760e+01 2.438319644530990260e+01 3.285487878018120839e-02
2.578947368421052744e+01 2.445954085571797521e+01 3.456034236966695761e-02
2.789473684210526017e+01 2.446862402095338851e+01 3.477232096636342223e-02
3.000000000000000000e+01 2.460017417603258139e+01 3.807540152906639663e-02
