-1.000000000000000000e+01 2.408204506230236674e+01 2.729485662637187379e-02
-7.894736842105263719e+00 2.371795401884716625e+01 2.251330287457071339e-02
-5.789473684210526550e+00 2.370863241684713785e+01 2.241288199785310478e-02
-3.684210526315789380e+00 2.367346739615892659e+01 2.204261064818217181e-02
-1.578947368421053099e+00 2.359422569417865745e+01 2.125578082312163178e-02
5.263157894736831821e-01 2.360559235487595231e+01 2.136474067587130349e-02
2.631578947368421240e+00 2.359037155167264999e+01 2.121912388940296046e-02
4.736842105263157521e+00 2.381494395969277633e+01 2.361740171747954767e-02
6.842105263157893802e+00 2.363155900369931217e+01 2.161849118175351164e-02
8.947368421052630083e+00 2.372245479598808515e+01 2.256213550033340370e-02
1.105263157894736636e+01 2.399439510031882605e+01 2.597500673393356163e-02
1.315789473684210265e+01 2.409496287650016200e+01 2.749964369118954727e-02
1.526315789473684248e+01 2.392345858347421839e+01 2.499068920382184478e-02
1.736842105263157876e+01 2.450226369315364039e+01 3.557488299606675897e-02
1.947368421052631504e+01 2.437728763515160324e+01 3.272838650192275850e-02
2.157894736842105132e+01 2.470914800572643344e+01 4.117155150346640813e-02
2.368421052631578760e+01 2.451359353912382844e+01 3.585150444644730205e-02
2.578947368421052744e+01 2.487334318359850727e+01 4.654464391870875850e-02
2.789473684210526017e+01 2.524816366169125459e+01 6.281415494073926131e-02
3.000000000000000000e+01 2.519287266391291524e+01 6.000217255418785478e-02
