-1.000000000000000000e+01 2.440098876850590415e+01 3.324044689836563871e-02
-7.894736842105263719e+00 2.426445900364023345e+01 3.045496683924151307e-02
-5.789473684210526550e+00 2.434721984521885929e+01 3.209650077488690467e-02
-3.684210526315789380e+00 2.427402233805231546e+01 3.063758301811500898e-02
-1.578947368421053099e+00 2.439846693370873965e+01 3.318536697848686184e-02
5.263157894736831821e-01 2.461769312617819239e+01 3.855001336326345507e-02
2.631578947368421240e+00 2.438579917531522412e+01 3.291084108060510216e-02
4.736842105263157521e+00 2.447612851276363699e+01 3.494895900583401549e-02
6.842105263157893802e+00 2.461225929764778186e+01 3.840188675649756911e-02
8.947368421052630083e+00 2.457590060291215295e+01 3.743178723565984689e-02
1.105263157894736636e+01 2.456374045848492571e+01 3.711535813101418668e-02
1.315789473684210265e+01 2.478902413157053886e+01 4.367209410162806171e-02
1.526315789473684248e+01 2.474722335027079012e+01 4.233787963969459778e-02
1.736842105263157876e+01 2.498401953555637789e+01 5.071422235104906806e-02
1.947368421052631504e+01 2.518082136311407027e+01 5.941022952234016608e-02
2.157894736842105132e+01 2.507847972950499482e+01 5.466867672885955542e-02
2.368421052631578760e+01 2.548662578627293840e+01 7.695535515029132412e-02
2.578947368421052744e+01 2.545878492271139137e+01 7.511981189112881818e-02
2.789473684210526017e+01 2.548040389102775549e+01 7.654056919940573078e-02
3.000000000000000000e+01 2.575615991226747425e+01 9.773128056671256947e-02
