-1.000000000000000000e+01 2.398902860673984705e+01 2.589800152896808844e-02
-7.894736842105263719e+00 2.387636790399933062e+01 2.437585513407475313e-02
-5.789473684210526550e+00 2.399080989785137774e+01 2.592351457427522973e-02
-3.684210526315789380e+00 2.380624485318259076e+01 2.351381194158035787e-02
-1.578947368421053099e+00 2.385474154058645624e+01 2.410332833901134356e-02
5.263157894736831821e-01 2.398177091319443832e+01 2.579453353048760320e-02
2.631578947368421240e+00 2.396686492105107291e+01 2.558443828389812477e-02
4.736842105263157521e+00 2.411866401038131613e+01 2.788253668052498996e-02
6.842105263157893802e+00 2.429397817000328175e+01 3.102448904777262498e-02
8.947368421052630083e+00 2.439453067256782148e+01 3.309967960119447605e-02
1.105263157894736636e+01 2.434171886784297456e+01 3.198299767975369690e-02
1.315789473684210265e+01 2.465412804592178730e+01 3.956493108212940507e-02
1.526315789473684248e+01 2.478959753084316375e+01 4.369079828912256214e-02
1.736842105263157876e+01 2.503959392458519773e+01 5.299407340574203984e-02
1.947368421052631504e+01 2.539704948617813329e+01 7.123251862467444573e-02
2.157894736842105132e+01 2.523707591038544606e+01 6.223735092166780836e-02
2.368421052631578760e+01 2.526476631649820703e+01 6.369026015100461013e-02
2.578947368421052744e+01 2.551162546095007500e+01 7.864901984662488188e-02
2.789473684210526017e+01 2.569064679791575401e+01 9.213912487285744191e-02
3.000000000000000000e+01 2.584914990222062414e+01 1.063453568894282414e-01
