-1.000000000000000000e+01 2.370782416013735983e+01 2.240422003547875435e-02
-7.894736842105263719e+00 2.353161310124038508e+01 2.067791392636067482e-02
-5.789473684210526550e+00 2.353633179717110835e+01 2.072017781793265151e-02
-3.684210526315789380e+00 2.336759379290505123e+01 1.932947363818904654e-02
-1.578947368421053099e+00 2.361134783880859089e+01 2.142040049189552348e-02
5.263157894736831821e-01 2.359671034073041085e+01 2.127948964845704019e-02
2.631578947368421240e+00 2.339547957500313302e+01 1.954296579942891784e-02
4.736842105263157521e+00 2.370752291444604509e+01 2.240099347547496594e-02
6.842105263157893802e+00 2.379546931904401319e+01 2.338677567933222790e-02
8.947368421052630083e+00 2.404329362284995852e+01 2.669661755731599084e-02
1.105263157894736636e+01 2.385397191154646279e+01 2.409374115807130790e-02
1.315789473684210265e+01 2.408121918691125884e+01 2.728185636677642883e-02
1.526315789473684248e+01 2.428830558142820095e+01 3.091369833482437296e-02
1.736842105263157876e+01 2.445700952606040346e+01 3.450161976800600327e-02
1.947368421052631504e+01 2.465384362420576281e+01 3.955685998082598964e-02
2.157894736842105132e+01 2.468958218367413693e+01 4.058976024980254227e-02
2.368421052631578760e+01 2.496227769344066161e+01 4.985720098288340396e-02
2.578947368421052744e+01 2.513200559089642283e+01 5.708620623071097855e-02
2.789473684210526017e+01 2.521084856249478889e+01 6.089888554109068597e-02
3.000000000000000000e+01 2.554660205873133449e+01 8.109296556267565903e-02
