-1.000000000000000000e+01 2.319677631664595197e+01 1.814738454249251523e-02
-7.894736842105263719e+00 2.297513209226476150e+01 1.689305824800259315e-02
-5.789473684210526550e+00 2.280777278409505726e+01 1.611854985002075802e-02
-3.684210526315789380e+00 2.287616975621109461e+01 1.641904661040287025e-02
-1.578947368421053099e+00 2.309303569285598812e+01 1.752461384754449084e-02
5.263157894736831821e-01 2.289439107789248595e+01 1.650273504726646606e-02
2.631578947368421240e+00 2.300706052801037060e+01 1.705658651560257311e-02
4.736842105263157521e+00 2.297173967660109639e+01 1.687599711307891451e-02
6.842105263157893802e+00 2.304130211217244195e+01 1.723804037380323104e-02
8.947368421052630083e+00 2.302543376075891146e+01 1.715315470487364935e-02
1.105263157894736636e+01 2.316142607112625029e+01 1.792765930709446301e-02
1.315789473684210265e+01 2.349641934801829990e+01 2.036908866158872178e-02
1.526315789473684248e+01 2.352640306268077097e+01 2.063148713548366292e-02
1.736842105263157876e+01 2.376176390572540953e+01 2.299839008195475598e-02
1.947368421052631504e+01 2.402714439543990466e+01 2.645426910984693958e-02
2.157894736842105132e+01 2.366285047018569188e+01 2.193342876537421673e-02
2.368421052631578760e+01 2.425550312736249481e+01 3.028557313258554984e-02
2.578947368421052744e+01 2.450638426481522458e+01 3.567511475244593278e-02
2.789473684210526017e+01 2.459772523889608564e+01 3.800973592404595369e-02
3.000000000000000000e+01 2.487940181938113682e+01 4.676081001413701088e-02
