-1.000000000000000000e+01 2.355604796160008974e+01 2.089900769346842574e-02
-7.894736842105263719e+00 2.342621665142380039e+01 1.978549928522281218e-02
-5.789473684210526550e+00 2.321798043215955687e+01 1.828307105707863145e-02
-3.684210526315789380e+00 2.324633665405880478e+01 1.846921647175300829e-02
-1.578947368421053099e+00 2.302020074757621515e+01 1.712546411118713585e-02
5.263157894736831821e-01 2.306677075387962006e+01 1.737721435367491421e-02
2.631578947368421240e+00 2.300461378994678441e+01 1.704386394937733307e-02
4.736842105263157521e+00 2.283253200723466492e+01 1.622489200760017167e-02
6.842105263157893802e+00 2.295224315314644770e+01 1.677909223959926643e-02
8.947368421052630083e+00 2.300778853538779600e+01 1.706037820473708597e-02
1.105263157894736636e+01 2.299823609757632781e+01 1.701085144156459089e-02
1.315789473684210265e+01 2.349893216202634605e+01 2.039076955483198200e-02
1.526315789473684248e+01 2.344601736845740092e+01 1.994585286392996926e-02
1.736842105263157876e+01 2.356817188397478091e+01 2.101079047904797284e-02
1.947368421052631504e+01 2.357166180761297980e+01 2.104322713298556469e-02
2.157894736842105132e+01 2.387236977403246740e+01 2.432501399671798542e-02
2.368421052631578760e+01 2.408259514516938893e+01 2.730352171972176903e-02
2.578947368421052744e+01 2.409377226136339800e+01 2.748065462234422149e-02
2.789473684210526017e+01 2.448987245051902661e+01 3.527601896161326744e-02
3.000000000000000000e+01 2.449593002768852656e+01 3.542164513341795190e-02
