-1.000000000000000000e+01 2.319046128149245334e+01 1.810754340465896978e-02
-7.894736842105263719e+00 2.324307851038427586e+01 1.844755088823222394e-02
-5.789473684210526550e+00 2.334184068043732196e+01 1.913768004169156059e-02
-3.684210526315789380e+00 2.351382987694980642e+01 2.052046754657393252e-02
-1.578947368421053099e+00 2.318140940641033865e+01 1.805088561853128090e-02
5.263157894736831821e-01 2.336342218472927357e+01 1.929805982396610650e-02
2.631578947368421240e+00 2.333797843058757238e+01 1.910935236655007460e-02
4.736842105263157521e+00 2.336886781459573470e+01 1.933909443868869760e-02
6.842105263157893802e+00 2.343199580358015055e+01 1.983196365598108996e-02
8.947368421052630083e+00 2.374869086623623460e+01 2.285134082401674843e-02
1.105263157894736636e+01 2.402840497733336278e+01 2.647304176901381367e-02
1.315789473684210265e+01 2.404691469932457082e+01 2.675151367885301307e-02
1.526315789473684248e+01 2.402344613922263150e+01 2.639933485141839412e-02
1.736842105263157876e+01 2.400826497369254398e+01 2.617601131207623194e-02
1.947368421052631504e+01 2.444129026735018329e+01 3.414036564592011491e-02
2.157894736842105132e+01 2.443431529950655445e+01 3.398193280868911509e-02
2.368421052631578760e+01 2.442631041587656071e+01 3.380150265118360420e-02
2.578947368421052744e+01 2.456679834371258764e+01 3.719455739374574743e-02
2.789473684210526017e+01 2.485481392904319264e+01 4.589184530111271865e-02
3.000000000000000000e+01 2.483111043988901301e+01 4.507470732626016330e-02
