-1.000000000000000000e+01 2.350391996310238341e+01 2.043397149860812917e-02
-7.894736842105263719e+00 2.357335440470458110e+01 2.105900078434382386e-02
-5.789473684210526550e+00 2.363432698606269255e+01 2.164594267692527760e-02
-3.684210526315789380e+00 2.358613314684381379e+01 2.117897980682454523e-02
-1.578947368421053099e+00 2.386648520549480423e+01 2.425056415667404056e-02
5.263157894736831821e-01 2.374937933366773990e+01 2.285903562629287844e-02
2.631578947368421240e+00 2.373082206562586904e+01 2.265352247750503090e-02
4.736842105263157521e+00 2.360686734299383005e+01 2.137704233557007755e-02
6.842105263157893802e+00 2.378804995161625158e+01 2.330012207945413027e-02
8.947368421052630083e+00 2.386051479658725682e+01 2.417548788184557471e-02
1.105263157894736636e+01 2.395868170404964204e+01 2.547046208579938770e-02
1.315789473684210265e+01 2.419421298464437342e+01 2.916730794800634699e-02
1.526315789473684248e+01 2.440562421110595182e+01 3.334206436925404859e-02
1.736842105263157876e+01 2.455905669690134374e+01 3.699453109842572307e-02
1.947368421052631504e+01 2.470156544328906278e+01 4.094469144049435461e-02
2.157894736842105132e+01 2.486494589849600700e+01 4.624725811073197856e-02
2.368421052631578760e+01 2.495246088977639332e+01 4.947648391460969519e-02
2.578947368421052744e+01 2.509763337618541001e+01 5.551849636466184290e-02
2.789473684210526017e+01 2.516431284542264635e+01 5.861118471894212478e-02
3.000000000000000000e+01 2.542424471399235131e+01 7.291451127955261846e-02
