-1.000000000000000000e+01 2.429067274233731411e+01 3.095985243809401891e-02
-7.894736842105263719e+00 2.415228957025151146e+01 2.844204400337302027e-02
-5.789473684210526550e+00 2.398278771903892803e+01 2.580898290785365451e-02
-3.684210526315789380e+00 2.390558063418815848e+01 2.475375071465214447e-02
-1.578947368421053099e+00 2.377347007161820258e+01 2.313175463051064806e-02
5.263157894736831821e-01 2.391756094122346710e+01 2.491204451112104257e-02
2.631578947368421240e+00 2.370896800177042252e+01 2.241648052798957125e-02
4.736842105263157521e+00 2.414593915084740772e+01 2.833488815179946441e-02
6.842105263157893802e+00 2.391739470424381864e+01 2.490983466409254360e-02
8.947368421052630083e+00 2.380402877176290488e+01 2.348757059040224721e-02
1.105263157894736636e+01 2.390355628120558151e+01 2.472719558869038853e-02
1.315789473684210265e+01 2.418081640442510860e+01 2.893213838109679262e-02
1.526315789473684248e+01 2.448622421545263705e+01 3.518875140299156101e-02
1.736842105263157876e+01 2.431470277157063720e+01 3.143480437576702535e-02
1.947368421052631504e+01 2.448296301862726665e+01 3.511101898656494164e-02
2.157894736842105132e+01 2.443004784566282694e+01 3.388555930038969488e-02
2.368421052631578760e+01 2.488694904951678666e+01 4.703198067542949112e-02
2.578947368421052744e+01 2.505103038932273307e+01 5.347964028586643659e-02
2.789473684210526017e+01 2.486363537603968155e+01 4.620107810038762142e-02
3.000000000000000000e+01 2.520948056470614063e+01 6.083005910830899254e-02
