-1.000000000000000000e+01 2.410467972074850707e+01 2.765549052156093812e-02
-7.894736842105263719e+00 2.400674343906553787e+01 2.615382053672203611e-02
-5.789473684210526550e+00 2.383995207487544477e+01 2.392042080029233020e-02
-3.684210526315789380e+00 2.387770962349413750e+01 2.439296370309121040e-02
-1.578947368421053099e+00 2.370824464038765100e+01 2.240872535781741892e-02
5.263157894736831821e-01 2.359308132629387345e+01 2.124488149778856402e-02
2.631578947368421240e+00 2.381094784717015855e+01 2.356970040822502221e-02
4.736842105263157521e+00 2.384768353762661874e+01 2.401569157969858301e-02
6.842105263157893802e+00 2.396884039736161753e+01 2.561209699800192849e-02
8.947368421052630083e+00 2.416181574440149049e+01 2.860410654307010345e-02
1.105263157894736636e+01 2.390888435872497908e+01 2.479720747328380617e-02
1.315789473684210265e+01 2.403096320561916954e+01 2.651121403381578867e-02
1.526315789473684248e+01 2.415989827096176512e+01 2.857135792666313720e-02
1.736842105263157876e+01 2.417241534161185967e+01 2.878630873636809848e-02
1.947368421052631504e+01 2.454691024302530522e+01 3.668389039477099045e-02
2.157894736842105132e+01 2.484356539744654313e+01 4.550158420160153872e-02
2.368421052631578760e+01 2.475446203459366501e+01 4.256483529491380396e-02
2.578947368421052744e+01 2.526702049924762861e+01 6.381037000788007674e-02
2.789473684210526017e+01 2.529719075795367900e+01 6.544505979916238891e-02
3.000000000000000000e+01 2.536943075542620463e+01 6.957186023327609214e-02
