-1.000000000000000000e+01 2.395314521325212453e+01 2.539389245636919368e-02
-7.894736842105263719e+00 2.360109606865766807e+01 2.132148714739885015e-02
-5.789473684210526550e+00 2.384893400674811659e+01 2.403117183351012945e-02
-3.684210526315789380e+00 2.383341903778062942e+01 2.384050666516286665e-02
-1.578947368421053099e+00 2.382689302620610050e+01 2.376121334768972748e-02
5.263157894736831821e-01 2.415998585686134348e+01 2.857285240147359670e-02
2.631578947368421240e+00 2.378583513170745078e+01 2.327438239698442768e-02
4.736842105263157521e+00 2.394472021283862873e+01 2.527820902264505190e-02
6.842105263157893802e+00 2.398785571819090734e+01 2.588122803184103940e-02
8.947368421052630083e+00 2.398648112317486181e+01 2.586159569109048803e-02
1.105263157894736636e+01 2.445672536372539341e+01 3.449503722829984353e-02
1.315789473684210265e+01 2.422043607382326869e+01 2.963713595017498925e-02
1.526315789473684248e+01 2.454217369784557690e+01 3.656380409697134598e-02
1.736842105263157876e+01 2.466990537258695682e+01 4.001637032314254994e-02
1.947368421052631504e+01 2.475054692990170579e+01 4.244187436962222615e-02
2.157894736842105132e+01 2.503832071491749645e+01 5.294036860688092205e-02
2.368421052631578760e+01 2.523040952137246151e+01 6.189371030043389066e-02
2.578947368421052744e+01 2.510099925512645314e+01 5.566957458301857731e-02
2.789473684210526017e+01 2.546183053272205399e+01 7.531805487404559518e-02
3.000000000000000000e+01 2.526976938168839837e+01 6.395721675223933755e-02
