-1.000000000000000000e+01 2.271780882006676450e+01 1.575418973525010563e-02
-7.894736842105263719e+00 2.249524332614025113e+01 1.498534322922973755e-02
-5.789473684210526550e+00 2.224123825775711083e+01 1.429833781934893543e-02
-3.684210526315789380e+00 2.221886309209865118e+01 1.424599418980846029e-02
-1.578947368421053099e+00 2.205327067046262712e+01 1.389392443467315878e-02
5.263157894736831821e-01 2.203852288062270048e+01 1.386538317167160771e-02
2.631578947368421240e+00 2.201134744892175021e+01 1.381391253489233119e-02
4.736842105263157521e+00 2.173964146396437869e+01 1.337126322349248969e-02
6.842105263157893802e+00 2.218517515159123832e+01 1.416942577286666241e-02
8.947368421052630083e+00 2.205178406234020727e+01 1.389102773453069345e-02
1.105263157894736636e+01 2.227235146290583145e+01 1.437315652142996149e-02
1.315789473684210265e+01 2.235890238852115530e+01 1.459434855916353843e-02
1.526315789473684248e+01 2.253469082480488339e+01 1.510909173055965428e-02
1.736842105263157876e+01 2.280385840627957705e+01 1.610198418352697461e-02
1.947368421052631504e+01 2.320617286207902197e+01 1.820714829891619327e-02
2.157894736842105132e+01 2.308784536992554237e+01 1.749516874298440161e-02
2.368421052631578760e+01 2.320506822472644615e+01 1.820009257433486197e-02
2.578947368421052744e+01 2.357328165579891177e+01 2.105832225720731532e-02
2.789473684210526017e+01 2.342003965177578095e+01 1.973614095555217482e-02
3.000000000000000000e+01 2.365150161194960887e+01 2.181803212072903897e-02
