-1.000000000000000000e+01 2.366919834375613263e+01 2.199856523235204503e-02
-7.894736842105263719e+00 2.339253651021438074e+01 1.952014342405750114e-02
-5.789473684210526550e+00 2.346575764126119523e+01 2.010900447973144878e-02
-3.684210526315789380e+00 2.335460659773296754e+01 1.923211725087305840e-02
-1.578947368421053099e+00 2.314649267738540672e+01 1.783721443283401570e-02
5.263157894736831821e-01 2.329659604119610350e+01 1.881279894140157685e-02
2.631578947368421240e+00 2.332049530450454711e+01 1.898252211399490547e-02
4.736842105263157521e+00 2.329505879941621771e+01 1.880202434959003799e-02
6.842105263157893802e+00 2.355582822740873539e+01 2.089699458665292969e-02
8.947368421052630083e+00 2.386890494135260710e+01 2.428112335014517495e-02
1.105263157894736636e+01 2.378761268276905483e+01 2.329503567797816879e-02
1.315789473684210265e+01 2.418830441638112916e+01 2.906318635187095378e-02
1.526315789473684248e+01 2.432118047614115497e+01 3.156485939530023765e-02
1.736842105263157876e+01 2.433339981214797731e+01 3.181256504601942536e-02
1.947368421052631504e+01 2.453631487206673611e+01 3.641607240186687383e-02
2.157894736842105132e+01 2.461367291979305350e+01 3.844034249205875026e-02
2.368421052631578760e+01 2.479432633511626705e+01 4.384547286452036841e-02
2.578947368421052744e+01 2.508660701516662428e+01 5.502722677360344372e-02
2.789473684210526017e+01 2.502829117781074331e+01 5.251976896572387032e-02
3.000000000000000000e+01 2.515475425710415891e+01 5.815470101740678743e-02
