-1.000000000000000000e+01 2.379705063615838867e+01 2.340533021360399063e-02
-7.894736842105263719e+00 2.388556836631225266e+01 2.449364834112625552e-02
-5.789473684210526550e+00 2.417810219148049455e+01 2.888488577662268533e-02
-3.684210526315789380e+00 2.400930154931420901e+01 2.619114913927072380e-02
-1.578947368421053099e+00 2.387699830985278027e+01 2.438389063825564460e-02
5.263157894736831821e-01 2.408666534012479943e+01 2.736778955147563253e-02
2.631578947368421240e+00 2.408275658647175632e+01 2.730606572996839565e-02
4.736842105263157521e+00 2.402964385904346756e+01 2.649151502287697135e-02
6.842105263157893802e+00 2.406590516963463244e+01 2.704278774585951173e-02
8.947368421052630083e+00 2.428742202627724822e+01 3.089649988452229656e-02
1.105263157894736636e+01 2.436649831427132895e+01 3.249939134422068221e-02
1.315789473684210265e+01 2.436567685571016639e+01 3.248206050063083550e-02
1.526315789473684248e+01 2.461948351425184356e+01 3.859900128316628293e-02
1.736842105263157876e+01 2.469911631637910077e+01 4.087179446995566068e-02
1.947368421052631504e+01 2.486998966946138978e+01 4.642557236340034976e-02
2.157894736842105132e+01 2.491965504367194484e+01 4.823176080651524200e-02
2.368421052631578760e+01 2.513495060469379538e+01 5.722312606373826382e-02
2.578947368421052744e+01 2.523731528099327903e+01 6.224973397651588358e-02
2.789473684210526017e+01 2.524362380446665099e+01 6.257718732165554187e-02
3.000000000000000000e+01 2.549080060677095361e+01 7.723516514906732244e-02
