-1.000000000000000000e+01 2.434361763542866441e+01 3.202210281254889990e-02
-7.894736842105263719e+00 2.399173449480298004e+01 2.593677583433963083e-02
-5.789473684210526550e+00 2.412183359467007548e+01 2.793445345971322727e-02
-3.684210526315789380e+00 2.409756768876365740e+01 2.754126899134740070e-02
-1.578947368421053099e+00 2.391663798039453681e+01 2.489978004437512493e-02
5.263157894736831821e-01 2.368284336226444964e+01 2.214002822753195418e-02
2.631578947368421240e+00 2.385219452263427442e+01 2.407162943769424607e-02
4.736842105263157521e+00 2.406190436795472465e+01 2.698094939665114655e-02
6.842105263157893802e+00 2.397698253839070048e+01 2.572669104663686049e-02
8.947368421052630083e+00 2.408623432600384717e+01 2.736097113907262623e-02
1.105263157894736636e+01 2.423312810256189920e+01 2.986912986578194387e-02
1.315789473684210265e+01 2.410975140799467553e+01 2.773745586902214358e-02
1.526315789473684248e+01 2.432702759600514142e+01 3.168300114574679194e-02
1.736842105263157876e+01 2.441521835165087850e+01 3.355393269763027458e-02
1.947368421052631504e+01 2.442955163140006292e+01 3.387438056493488614e-02
2.157894736842105132e+01 2.471502300960337095e+01 4.134854552590069843e-02
2.368421052631578760e+01 2.486755199774685465e+01 4.633927685065386548e-02
2.578947368421052744e+01 2.527787511105367102e+01 6.439265666435450841e-02
2.789473684210526017e+01 2.499813340725255273e+01 5.128092183377815083e-02
3.000000000000000000e+01 2.541676213419986041e+01 7.244701627845800962e-02
