-1.000000000000000000e+01 2.473887003358388625e+01 4.207807039107502173e-02
-7.894736842105263719e+00 2.416302065214086525e+01 2.862471832075028783e-02
-5.789473684210526550e+00 2.417502373084319345e+01 2.883145144780047478e-02
-3.684210526315789380e+00 2.429080647023097228e+01 3.096246317783634544e-02
-1.578947368421053099e+00 2.420117668348846252e+01 2.929083917924951014e-02
5.263157894736831821e-01 2.432190278475725975e+01 3.157941525141003125e-02
2.631578947368421240e+00 2.438751696459032559e+01 3.294785816684913521e-02
4.736842105263157521e+00 2.436367297196708748e+01 3.243984470862269764e-02
6.842105263157893802e+00 2.422788044624618564e+01 2.977284173059295547e-02
8.947368421052630083e+00 2.424581953326423189e+01 3.010416421633320752e-02
1.105263157894736636e+01 2.457387188443774662e+01 3.737872055906767133e-02
1.315789473684210265e+01 2.442001571266085236e+01 3.366066077315343213e-02
1.526315789473684248e+01 2.463695946748875443e+01 3.908194447012228179e-02
1.736842105263157876e+01 2.464207712454621557e+01 3.922502233489417317e-02
1.947368421052631504e+01 2.481895368239026567e+01 4.466329686870271209e-02
2.157894736842105132e+01 2.515898060748101983e+01 5.835598231827551774e-02
2.368421052631578760e+01 2.525427313680544117e+01 6.313480549742753190e-02
2.578947368421052744e+01 2.517927214664543456e+01 5.933466558821239023e-02
2.789473684210526017e+01 2.524330735426676497e+01 6.256071078144198605e-02
3.000000000000000000e+01 2.543095668504551554e+01 7.333693576456781771e-02
