-1.000000000000000000e+01 2.383659009221934610e+01 2.387922885258511249e-02
-7.894736842105263719e+00 2.386716894611770456e+01 2.425919149988810253e-02
-5.789473684210526550e+00 2.374049299670939916e+01 2.276013353483572962e-02
-3.684210526315789380e+00 2.381767549732500555e+01 2.365012100039502740e-02
-1.578947368421053099e+00 2.380365769726252978e+01 2.348318242421355145e-02
5.263157894736831821e-01 2.377847008251471550e+01 2.318920987499097086e-02
2.631578947368421240e+00 2.371141448645416006e+01 2.244275217674957315e-02
4.736842105263157521e+00 2.367954553202575241e+01 2.210565604835936643e-02
6.842105263157893802e+00 2.422882310330923161e+01 2.979010003396605558e-02
8.947368421052630083e+00 2.380721471289560753e+01 2.352531522006339262e-02
1.105263157894736636e+01 2.375677480140435449e+01 2.294203754837331743e-02
1.315789473684210265e+01 2.377872507953142645e+01 2.319214798638143116e-02
1.526315789473684248e+01 2.420306471436918372e+01 2.932448445417971256e-02
1.736842105263157876e+01 2.435994532717500149e+01 3.236154580495580191e-02
1.947368421052631504e+01 2.453803972455331461e+01 3.645947244741239851e-02
2.157894736842105132e+01 2.457106483743717362e+01 3.730547712694599893e-02
2.368421052631578760e+01 2.473491002988032506e+01 4.195568284848097407e-02
2.578947368421052744e+01 2.507992325262970823e+01 5.473214145722093971e-02
2.789473684210526017e+01 2.492159039393901665e+01 4.830403088344857598e-02
3.000000000000000000e+01 2.514735814158210303e+01 5.780455935831707581e-02
