-1.000000000000000000e+01 2.480113622489146863e+01 4.406954504827338692e-02
-7.894736842105263719e+00 2.468626818226434239e+01 4.049237365157330043e-02
-5.789473684210526550e+00 2.480642621384496138e+01 4.424469400530679775e-02
-3.684210526315789380e+00 2.464736291944429070e+01 3.937359455228161415e-02
-1.578947368421053099e+00 2.482032717573821756e+01 4.470952117722117036e-02
5.263157894736831821e-01 2.458898182926823495e+01 3.777663708199044401e-02
2.631578947368421240e+00 2.470393061731700968e+01 4.101526429115515127e-02
4.736842105263157521e+00 2.495950328520685702e+01 4.974921299782335271e-02
6.842105263157893802e+00 2.474110077054492152e+01 4.214723340337551971e-02
8.947368421052630083e+00 2.482680992093314032e+01 4.492857965970231682e-02
1.105263157894736636e+01 2.502380048640377197e+01 5.233285004738828794e-02
1.315789473684210265e+01 2.511599431508946623e+01 5.634902971972446939e-02
1.526315789473684248e+01 2.531768970661863349e+01 6.658506563642242748e-02
1.736842105263157876e+01 2.553349425229665215e+01 8.016674750729843590e-02
1.947368421052631504e+01 2.560044294977477009e+01 8.503133178624609767e-02
2.157894736842105132e+01 2.548463910505500962e+01 7.682262311089069207e-02
2.368421052631578760e+01 2.583960134946716991e+01 1.054223568902082631e-01
2.578947368421052744e+01 2.599758338499704635e+01 1.219243118721371893e-01
2.789473684210526017e+01 2.617079654579172754e+01 1.433854919659618976e-01
3.000000000000000000e+01 2.612841197344906163e+01 1.377751400739958276e-01
