-1.000000000000000000e+01 2.378297712724386770e+01 2.324125452382961449e-02
-7.894736842105263719e+00 2.384580998456460321e+01 2.399253509272092355e-02
-5.789473684210526550e+00 2.369522559834571140e+01 2.227013092994616084e-02
-3.684210526315789380e+00 2.376698608467152596e+01 2.305768612122835459e-02
-1.578947368421053099e+00 2.373026099554272150e+01 2.264736983579261620e-02
5.263157894736831821e-01 2.393813654089429477e+01 2.518850472129064919e-02
2.631578947368421240e+00 2.375842497402074116e+01 2.296064441724818272e-02
4.736842105263157521e+00 2.388384678877589096e+01 2.447152209508840492e-02
6.842105263157893802e+00 2.367924763063767912e+01 2.210255686578938700e-02
8.947368421052630083e+00 2.378683642917382812e+01 2.328601177508045003e-02
1.105263157894736636e+01 2.371015263115219440e+01 2.242919344218367167e-02
1.315789473684210265e+01 2.415965087345412243e+01 2.856713732048490190e-02
1.526315789473684248e+01 2.406515205294316573e+01 2.703112773500671029e-02
1.736842105263157876e+01 2.436031732792920934e+01 3.236934616168329198e-02
1.947368421052631504e+01 2.448201191095969165e+01 3.508839793076636709e-02
2.157894736842105132e+01 2.447482843190847746e+01 3.491826034441807003e-02
2.368421052631578760e+01 2.486402531759912549e+01 4.621481229605188534e-02
2.578947368421052744e+01 2.463293730484650013e+01 3.897002201336731420e-02
2.789473684210526017e+01 2.506281480289379004e+01 5.398599760615685472e-02
3.000000000000000000e+01 2.508799540782389315e+01 5.508877886874433139e-02
