-1.000000000000000000e+01 2.467681526509188572e+01 4.021640519283263548e-02
-7.894736842105263719e+00 2.444719591112105661e+01 3.427540172115726980e-02
-5.789473684210526550e+00 2.451066943447143132e+01 3.577980235739199044e-02
-3.684210526315789380e+00 2.433124862415418121e+01 3.176873066047290056e-02
-1.578947368421053099e+00 2.443322861590774764e+01 3.395735162594139961e-02
5.263157894736831821e-01 2.416490630809316542e+01 2.865702669741554756e-02
2.631578947368421240e+00 2.448806563480097509e+01 3.523275807827551398e-02
4.736842105263157521e+00 2.423078950364452311e+01 2.982615513973495280e-02
6.842105263157893802e+00 2.423821360533649738e+01 2.996294038349462188e-02
8.947368421052630083e+00 2.450795297440986431e+01 3.571338507718659072e-02
1.105263157894736636e+01 2.430911232264121580e+01 3.132325830556838969e-02
1.315789473684210265e+01 2.454784784914167517e+01 3.670773117208231406e-02
1.526315789473684248e+01 2.467141549909392850e+01 4.005996561611134543e-02
1.736842105263157876e+01 2.468263765275448662e+01 4.038606616039942115e-02
1.947368421052631504e+01 2.509324538334211852e+01 5.532232490555094584e-02
2.157894736842105132e+01 2.497005344542764504e+01 5.016150471569290337e-02
2.368421052631578760e+01 2.514883437074608352e+01 5.787423312827337518e-02
2.578947368421052744e+01 2.540001398468464444e+01 7.141359055354988550e-02
2.789473684210526017e+01 2.553409020812158303e+01 8.020858798321804650e-02
3.000000000000000000e+01 2.538662798636914886e+01 7.060034087891230159e-02
