-1.000000000000000000e+01 2.509389897149527471e+01 5.535148834806527529e-02
-7.894736842105263719e+00 2.495475863938167649e+01 4.956525102698133844e-02
-5.789473684210526550e+00 2.489441179175342711e+01 4.730219566635632256e-02
-3.684210526315789380e+00 2.485646480358724375e+01 4.594950271561269728e-02
-1.578947368421053099e+00 2.483501441596185444e+01 4.520792229302618426e-02
5.263157894736831821e-01 2.467543250071820182e+01 4.017626148634653727e-02
2.631578947368421240e+00 2.466199872281533345e+01 3.978921938556276294e-02
4.736842105263157521e+00 2.479233390086753630e+01 4.378021046550699402e-02
6.842105263157893802e+00 2.470325651800303746e+01 4.099513277729833344e-02
8.947368421052630083e+00 2.476072824866267297e+01 4.276267149353961405e-02
1.105263157894736636e+01 2.473064925982941276e+01 4.182455595454681596e-02
1.315789473684210265e+01 2.484345930684397175e+01 4.549792492477797157e-02
1.526315789473684248e+01 2.490212938772931395e+01 4.758383098449964210e-02
1.736842105263157876e+01 2.496568995417053571e+01 4.999043973797567819e-02
1.947368421052631504e+01 2.510221998608501082e+01 5.572449686865300900e-02
2.157894736842105132e+01 2.513354997459234497e+01 5.715795607502432985e-02
2.368421052631578760e+01 2.536774568136945263e+01 6.947206052171311930e-02
2.578947368421052744e+01 2.562969621554713839e+01 8.726447787054508742e-02
2.789473684210526017e+01 2.556343461898508806e+01 8.230086165997266279e-02
3.000000000000000000e+01 2.575111356852325173e+01 9.728699204103755105e-02
