-1.000000000000000000e+01 2.385467023856238811e+01 2.410243981850370559e-02
-7.894736842105263719e+00 2.414662202287953008e+01 2.834637722245024472e-02
-5.789473684210526550e+00 2.391019604621558514e+01 2.481450227593393065e-02
-3.684210526315789380e+00 2.385587349027673554e+01 2.411744271781476184e-02
-1.578947368421053099e+00 2.410123393562051675e+01 2.760004564530652710e-02
5.263157894736831821e-01 2.396138621167765592e+01 2.550802439126791457e-02
2.631578947368421240e+00 2.378820184090866974e+01 2.330188942299963109e-02
4.736842105263157521e+00 2.418978915024985099e+01 2.908929097760881016e-02
6.842105263157893802e+00 2.412700169646146975e+01 2.801946951435423105e-02
8.947368421052630083e+00 2.426270139557565386e+01 3.042159968837756384e-02
1.105263157894736636e+01 2.443021659530506184e+01 3.388936220090327245e-02
1.315789473684210265e+01 2.438204961152445094e+01 3.283026782384378117e-02
1.526315789473684248e+01 2.482200590556789876e+01 4.476610693044486000e-02
1.736842105263157876e+01 2.516502863747158969e+01 5.864554951584385889e-02
1.947368421052631504e+01 2.513596933105831965e+01 5.727058550658702119e-02
2.157894736842105132e+01 2.505510459080406704e+01 5.365400774230760783e-02
2.368421052631578760e+01 2.544803933485466274e+01 7.442531176886109379e-02
2.578947368421052744e+01 2.557918018872170762e+01 8.344986393072431619e-02
2.789473684210526017e+01 2.560851561750477501e+01 8.564088152740531590e-02
3.000000000000000000e+01 2.588879387566701951e+01 1.102760409904815220e-01
