-1.000000000000000000e+01 2.459684611915805874e+01 3.798620363576434011e-02
-7.894736842105263719e+00 2.471363169548234140e+01 4.130653312812919420e-02
-5.789473684210526550e+00 2.461185417202224457e+01 3.839087616048619811e-02
-3.684210526315789380e+00 2.459369158813029443e+01 3.790193823920293137e-02
-1.578947368421053099e+00 2.461218861931292068e+01 3.839996551395289531e-02
5.263157894736831821e-01 2.460787809017645955e+01 3.828305669281259482e-02
2.631578947368421240e+00 2.444025779692171696e+01 3.411684180052367010e-02
4.736842105263157521e+00 2.472779193042790169e+01 4.173694219060725130e-02
6.842105263157893802e+00 2.449380540143996399e+01 3.537046496294184161e-02
8.947368421052630083e+00 2.457693875375067805e+01 3.745898581337536032e-02
1.105263157894736636e+01 2.441009925300389227e+01 3.344062674541754820e-02
1.315789473684210265e+01 2.463998610171384840e+01 3.916647106497456871e-02
1.526315789473684248e+01 2.457356053374608607e+01 3.737058613755311898e-02
1.736842105263157876e+01 2.499190320293318379e+01 5.102975141682913884e-02
1.947368421052631504e+01 2.489717503693820788e+01 4.740277663503236760e-02
2.157894736842105132e+01 2.504283248679256602e+01 5.313099574740845488e-02
2.368421052631578760e+01 2.529190995990313340e+01 6.515525624308038388e-02
2.578947368421052744e+01 2.511863743301392304e+01 5.646988578936049108e-02
2.789473684210526017e+01 2.521439581137438424e+01 6.107780627765005410e-02
3.000000000000000000e+01 2.528127030009140341e+01 6.457612892789950376e-02
