-1.000000000000000000e+01 2.454875385943931931e+01 3.673079042889398904e-02
-7.894736842105263719e+00 2.444408533189051269e+01 3.420417412915231770e-02
-5.789473684210526550e+00 2.411940753598923237e+01 2.789470018639985532e-02
-3.684210526315789380e+00 2.422127952040595034e+01 2.965245920275390648e-02
-1.578947368421053099e+00 2.431892428670396455e+01 3.151946265412036013e-02
5.263157894736831821e-01 2.453113156305184361e+01 3.628611492658255500e-02
2.631578947368421240e+00 2.427143286333427241e+01 3.058795817271905970e-02
4.736842105263157521e+00 2.433855254533995449e+01 3.191795704386216070e-02
6.842105263157893802e+00 2.451057824757129922e+01 3.577756982879886499e-02
8.947368421052630083e+00 2.454495936534334177e+01 3.663435857641390153e-02
1.105263157894736636e+01 2.455836680695935570e+01 3.697678318524976609e-02
1.315789473684210265e+01 2.474701646118530718e+01 4.233141784325301915e-02
1.526315789473684248e+01 2.461739865608362621e+01 3.854196482842398713e-02
1.736842105263157876e+01 2.501933982880458274e+01 5.214803488588140579e-02
1.947368421052631504e+01 2.490471969741858160e+01 4.767886090908135532e-02
2.157894736842105132e+01 2.502116146026471100e+01 5.222340668419059306e-02
2.368421052631578760e+01 2.522710256258517347e+01 6.172411564924944194e-02
2.578947368421052744e+01 2.538350454415504487e+01 7.041218742583503498e-02
2.789473684210526017e+01 2.530611617725592311e+01 6.593847211317509227e-02
3.000000000000000000e+01 2.565878647087594189e+01 8.955289144272632340e-02
