-1.000000000000000000e+01 2.501621982111723241e+01 5.201926945080964648e-02
-7.894736842105263719e+00 2.499738503630483422e+01 5.125066607802689078e-02
-5.789473684210526550e+00 2.481641832170990725e+01 4.457814194524217788e-02
-3.684210526315789380e+00 2.483154885330781880e+01 4.508964058521439111e-02
-1.578947368421053099e+00 2.491311249152055396e+01 4.798851161714921820e-02
5.263157894736831821e-01 2.484317079103726300e+01 4.548797545960629740e-02
2.631578947368421240e+00 2.465827570936146529e+01 3.968289924174828176e-02
4.736842105263157521e+00 2.469131659950081925e+01 4.064086112074448420e-02
6.842105263157893802e+00 2.476874414593932983e+01 4.301761639675059923e-02
8.947368421052630083e+00 2.459980160088153411e+01 3.806540064672796209e-02
1.105263157894736636e+01 2.484653252858300121e+01 4.560408856822269208e-02
1.315789473684210265e+01 2.505788336884750223e+01 5.377335399870550314e-02
1.526315789473684248e+01 2.494002262543563830e+01 4.899959483496774126e-02
1.736842105263157876e+01 2.532319624528266644e+01 6.689542223405819943e-02
1.947368421052631504e+01 2.518217137979216247e+01 5.947617572397703722e-02
2.157894736842105132e+01 2.530003732072660583e+01 6.560193043036666172e-02
2.368421052631578760e+01 2.540794789347047811e+01 7.190092239611776959e-02
2.578947368421052744e+01 2.555652437370302366e+01 8.180245163905663919e-02
2.789473684210526017e+01 2.585663564725346575e+01 1.070753302595966738e-01
3.000000000000000000e+01 2.585324770511932257e+01 1.067442576147746430e-01
