-1.000000000000000000e+01 2.440991695371567971e+01 3.343660274130574872e-02
-7.894736842105263719e+00 2.434369089699255539e+01 3.202361316733561003e-02
-5.789473684210526550e+00 2.428735727859707438e+01 3.089524018249002399e-02
-3.684210526315789380e+00 2.438532407953422165e+01 3.290061467103652659e-02
-1.578947368421053099e+00 2.425391199170547907e+01 3.025564105835107723e-02
5.263157894736831821e-01 2.426880225236992317e+01 3.053768028544023155e-02
2.631578947368421240e+00 2.427963642891127449e+01 3.074562724087960552e-02
4.736842105263157521e+00 2.469345942135502980e+01 4.070412095368126926e-02
6.842105263157893802e+00 2.444814936262948279e+01 3.429728004610949760e-02
8.947368421052630083e+00 2.417531891154274604e+01 2.883656770358114171e-02
1.105263157894736636e+01 2.435656776991205419e+01 3.229085950350826101e-02
1.315789473684210265e+01 2.445649617936674147e+01 3.448972964064564439e-02
1.526315789473684248e+01 2.466991872924968732e+01 4.001675561474141163e-02
1.736842105263157876e+01 2.478326889630896446e+01 4.348496968036594246e-02
1.947368421052631504e+01 2.496772320380163279e+01 5.007005501638102374e-02
2.157894736842105132e+01 2.467607739889980678e+01 4.019497672800530219e-02
2.368421052631578760e+01 2.501307640711691604e+01 5.188995565743234617e-02
2.578947368421052744e+01 2.512090340579842973e+01 5.657375914221919599e-02
2.789473684210526017e+01 2.528530770935624972e+01 6.479514253545766433e-02
3.000000000000000000e+01 2.544436987078908174e+01 7.418990446876611022e-02
