-1.000000000000000000e+01 2.475822134413064646e+01 4.268337057884112606e-02
-7.894736842105263719e+00 2.472358015266254583e+01 4.160826630811101379e-02
-5.789473684210526550e+00 2.451052063369993661e+01 3.577615937661582368e-02
-3.684210526315789380e+00 2.457855108027291990e+01 3.750128493544041541e-02
-1.578947368421053099e+00 2.453282804645252213e+01 3.632857333770113384e-02
5.263157894736831821e-01 2.422891386699155447e+01 2.979176263296393415e-02
2.631578947368421240e+00 2.438229513821561767e+01 3.283553436139280413e-02
4.736842105263157521e+00 2.448245752448007551e+01 3.509899360301625693e-02
6.842105263157893802e+00 2.442980685776933214e+01 3.388012960181568251e-02
8.947368421052630083e+00 2.447565560774975424e+01 3.493778759803414791e-02
1.105263157894736636e+01 2.448721048989907700e+01 3.521231124636123311e-02
1.315789473684210265e+01 2.461220140444228477e+01 3.840031304056684691e-02
1.526315789473684248e+01 2.474989214448276087e+01 4.242135799005453817e-02
1.736842105263157876e+01 2.476075270540455620e+01 4.276344614231741142e-02
1.947368421052631504e+01 2.490767053260508135e+01 4.778742659236051571e-02
2.157894736842105132e+01 2.501039408885353055e+01 5.177994088309255394e-02
2.368421052631578760e+01 2.507444597936456887e+01 5.449183150205018367e-02
2.578947368421052744e+01 2.525115550675091214e+01 6.297092734396349256e-02
2.789473684210526017e+01 2.534483817994773602e+01 6.813238493165800491e-02
3.000000000000000000e+01 2.536595853716432458e+01 6.936640466332769095e-02
