-1.000000000000000000e+01 2.413398513809097423e+01 2.813506919877608106e-02
-7.894736842105263719e+00 2.413601889840204962e+01 2.816889141874686503e-02
-5.789473684210526550e+00 2.370367079238727470e+01 2.235982255101124500e-02
-3.684210526315789380e+00 2.379152153230200994e+01 2.334058558702506794e-02
-1.578947368421053099e+00 2.393363114118787394e+01 2.512746694737071768e-02
5.263157894736831821e-01 2.399203597242644292e+01 2.594110258160397392e-02
2.631578947368421240e+00 2.398019024707350155e+01 2.577210139948988427e-02
4.736842105263157521e+00 2.409896537705529695e+01 2.756365033006647966e-02
6.842105263157893802e+00 2.384339177202012294e+01 2.396271275785369359e-02
8.947368421052630083e+00 2.415153114461831052e+01 2.842920959138573248e-02
1.105263157894736636e+01 2.391565803225384101e+01 2.488677107039201364e-02
1.315789473684210265e+01 2.432713352685422947e+01 3.168514805743025825e-02
1.526315789473684248e+01 2.449758177937525971e+01 3.546151164441214976e-02
1.736842105263157876e+01 2.444958012484777043e+01 3.433015127978169406e-02
1.947368421052631504e+01 2.482005349828311935e+01 4.470030546835493390e-02
2.157894736842105132e+01 2.486413022642419435e+01 4.621850824841268468e-02
2.368421052631578760e+01 2.503347148438026082e+01 5.273646844574704506e-02
2.578947368421052744e+01 2.525437396500044329e+01 6.314011431581330325e-02
2.789473684210526017e+01 2.535585380948824508e+01 6.877265725954888331e-02
3.000000000000000000e+01 2.546180184739364094e+01 7.531618480473972754e-02
