-1.000000000000000000e+01 2.296013229199172656e+01 1.681806999054492185e-02
-7.894736842105263719e+00 2.328934087403979092e+01 1.876209652870238290e-02
-5.789473684210526550e+00 2.315700015524366151e+01 1.790070836516986438e-02
-3.684210526315789380e+00 2.316833048343121959e+01 1.796994868268832549e-02
-1.578947368421053099e+00 2.313420139616619409e+01 1.776380796070808551e-02
5.263157894736831821e-01 2.324794801626859453e+01 1.847995839138096355e-02
2.631578947368421240e+00 2.335447464893295688e+01 1.923113478352201158e-02
4.736842105263157521e+00 2.327772519956750230e+01 1.868170540673179045e-02
6.842105263157893802e+00 2.345912080081804518e+01 2.005378114505507181e-02
8.947368421052630083e+00 2.366934995529411268e+01 2.200012615204372662e-02
1.105263157894736636e+01 2.340570409704135102e+01 1.962279281117190050e-02
1.315789473684210265e+01 2.376722025158031215e+01 2.306035248169166843e-02
1.526315789473684248e+01 2.399856129760657097e+01 2.603508264823460594e-02
1.736842105263157876e+01 2.411832625847904410e+01 2.787701439468047437e-02
1.947368421052631504e+01 2.443610884501828906e+01 3.402256367315856234e-02
2.157894736842105132e+01 2.457674813884184672e+01 3.745398970245024384e-02
2.368421052631578760e+01 2.457649507298216562e+01 3.744735823611813896e-02
2.578947368421052744e+01 2.488061870504634143e+01 4.680439014057287406e-02
2.789473684210526017e+01 2.497561346471233890e+01 5.038059454118279379e-02
3.000000000000000000e+01 2.500698894019216212e+01 5.164071632848851734e-02
