-1.000000000000000000e+01 2.430301696407187606e+01 3.120236722463522183e-02
-7.894736842105263719e+00 2.414514753662756164e+01 2.832157963982015816e-02
-5.789473684210526550e+00 2.368828806392759390e+01 2.219703256019951720e-02
-3.684210526315789380e+00 2.370756494341499732e+01 2.240144357616737081e-02
-1.578947368421053099e+00 2.344204877087878813e+01 1.991345120001238034e-02
5.263157894736831821e-01 2.350715672884355811e+01 2.046212575075800552e-02
2.631578947368421240e+00 2.347150521892532282e+01 2.015713436033939043e-02
4.736842105263157521e+00 2.337286078816427803e+01 1.936932934914261523e-02
6.842105263157893802e+00 2.357720971599928106e+01 2.109503198414337810e-02
8.947368421052630083e+00 2.328188551049420951e+01 1.871038812636090926e-02
1.105263157894736636e+01 2.349207836838666452e+01 2.033176601344406642e-02
1.315789473684210265e+01 2.355208888361882913e+01 2.086280611589707429e-02
1.526315789473684248e+01 2.364641681792879169e+01 2.176676508816475369e-02
1.736842105263157876e+01 2.387744789132838008e+01 2.438962444117664941e-02
1.947368421052631504e+01 2.383266604110428943e+01 2.383133027804293369e-02
2.157894736842105132e+01 2.404960313904737035e+01 2.679240346427426769e-02
2.368421052631578760e+01 2.427964995464572340e+01 3.074588830102867668e-02
2.578947368421052744e+01 2.442359774990550747e+01 3.374069571556193026e-02
2.789473684210526017e+01 2.460681557572816303e+01 3.825431913181467913e-02
3.000000000000000000e+01 2.462658017480681139e+01 3.879406824405418064e-02
