5.000000000000000000e+01 1.280938269641155784e+03 2.566789817328838375e+00
6.000000000000000000e+01 1.349539167141257622e+03 3.684098326048451000e+00
7.000000000000000000e+01 2.004967140516365816e+03 5.002723683186011350e+00
8.000000000000000000e+01 2.175930563819644703e+03 6.522665888741520313e+00
9.000000000000000000e+01 2.097579474469876459e+03 8.243924942714976112e+00
1.000000000000000000e+02 2.847713683554812633e+03 1.016650084510638052e+01
1.100000000000000000e+02 2.477629781864943197e+03 1.229039359591573444e+01
1.200000000000000000e+02 3.767525513358029457e+03 1.461560319514303607e+01
1.300000000000000000e+02 3.261993156130868101e+03 1.714212964278828366e+01
1.400000000000000000e+02 3.653945129490632098e+03 1.986997293885147897e+01
1.500000000000000000e+02 3.428815532225365132e+03 2.279913308333262734e+01
1.600000000000000000e+02 4.212355421801982629e+03 2.592961007623172165e+01
1.700000000000000000e+02 5.058712419798273913e+03 2.926140391754876191e+01
1.800000000000000000e+02 5.395064957893421706e+03 3.279451460728375167e+01
1.900000000000000000e+02 5.550965626877306022e+03 3.652894214543668738e+01
2.000000000000000000e+02 5.457541117946537270e+03 4.046468653200757615e+01
2.100000000000000000e+02 5.818802343977197779e+03 4.460174776699641086e+01
2.200000000000000000e+02 5.788972230689823846e+03 4.894012585040319152e+01
2.300000000000000000e+02 6.005142975608285269e+03 5.347982078222792524e+01
2.400000000000000000e+02 5.679573864528707418e+03 5.822083256247060490e+01
2.500000000000000000e+02 5.833174555902511202e+03 6.316316119113123051e+01
2.600000000000000000e+02 5.006707050450174393e+03 6.830680666820980207e+01
2.700000000000000000e+02 4.987205166532849034e+03 7.365176899370632668e+01
2.800000000000000000e+02 5.248955406714991113e+03 7.919804816762079724e+01
2.900000000000000000e+02 4.942507375429254353e+03 8.494564418995322796e+01
3.000000000000000000e+02 4.701573340975533938e+03 9.089455706070357621e+01
3.100000000000000000e+02 4.105907522221646104e+03 9.704478677987191304e+01
3.200000000000000000e+02 4.342323947893189143e+03 1.033963333474581674e+02
3.300000000000000000e+02 3.124104225961545581e+03 1.099491967634623677e+02
3.400000000000000000e+02 2.900259647898195908e+03 1.167033770278845282e+02
3.500000000000000000e+02 2.428245366355987699e+03 1.236588741407246488e+02
3.600000000000000000e+02 2.558518630744731126e+03 1.308156881019826869e+02
3.700000000000000000e+02 2.396082197977500527e+03 1.381738189116587137e+02
3.800000000000000000e+02 1.764350519199101200e+03 1.457332665697526579e+02
3.900000000000000000e+02 2.474705833895747674e+03 1.534940310762645481e+02
4.000000000000000000e+02 1.416595364511481876e+03 1.614561124311944127e+02
4.100000000000000000e+02 1.929589704089384668e+03 1.696195106345422232e+02
4.200000000000000000e+02 2.250245045621563349e+03 1.779842256863079513e+02
4.300000000000000000e+02 1.874982987729247498e+03 1.865502575864916537e+02
4.400000000000000000e+02 2.279599207235992708e+03 1.953176063350933021e+02
4.500000000000000000e+02 1.989299067350006226e+03 2.042862719321128679e+02
4.600000000000000000e+02 1.777864857902939548e+03 2.134562543775504082e+02
4.700000000000000000e+02 2.050770340852841855e+03 2.228275536714058944e+02
4.800000000000000000e+02 2.009925245012654386e+03 2.324001698136793266e+02
4.900000000000000000e+02 1.927444047255860369e+03 2.421741028043707331e+02
5.000000000000000000e+02 2.591303337575011938e+03 2.521493526434800287e+02
5.100000000000000000e+02 2.802196089282191224e+03 2.623259193310073556e+02
5.200000000000000000e+02 2.007409448383791187e+03 2.727038028669525147e+02
5.300000000000000000e+02 2.036527706229215255e+03 2.832830032513157335e+02
5.400000000000000000e+02 2.997899459312634008e+03 2.940635204840968413e+02
5.500000000000000000e+02 2.255233875772136344e+03 3.050453545652958951e+02
5.600000000000000000e+02 2.848849195064555715e+03 3.162285054949128948e+02
5.700000000000000000e+02 3.854686367590243663e+03 3.276129732729478974e+02
5.800000000000000000e+02 2.928894735166560167e+03 3.391987578994008459e+02
5.900000000000000000e+02 3.354342936557685334e+03 3.509858593742716835e+02
6.000000000000000000e+02 2.814759416277721812e+03 3.629742776975605238e+02
6.100000000000000000e+02 2.895278339468796730e+03 3.751640128692671965e+02
6.200000000000000000e+02 2.917389911257283529e+03 3.875550648893919288e+02
6.300000000000000000e+02 2.404131576724466868e+03 4.001474337579346638e+02
6.400000000000000000e+02 2.354069516234758339e+03 4.129411194748952880e+02
6.500000000000000000e+02 1.808190159299474544e+03 4.259361220402738581e+02
6.600000000000000000e+02 2.792119939422104835e+03 4.391324414540703174e+02
6.700000000000000000e+02 2.053870446918761900e+03 4.525300777162847794e+02
6.800000000000000000e+02 1.118578062018289984e+03 4.661290308269170737e+02
6.900000000000000000e+02 1.035910820963783863e+03 4.799293007859674276e+02
7.000000000000000000e+02 1.048702880232978941e+03 4.939308875934357843e+02
